PPL 115 numerics v3 — degree-general Scott–Vogelius (P_k velocity / P_{k-1}-disc pressure) + Nitsche on the
inscribed polygon.  mesh std = svn.make_mesh; ct = barycentric (Clough–Tocher/Alfeld) refinement of it.
h = h_Omega (max element diameter; for ct equal to the macro h), G = ||p - pbar||_Gamma = sqrt(7 pi/8) (amp. 1).
GS = theta 0 (as printed); CNS* = theta 1 (mean-corrected pressure coupling); D = u_GS - u_CNS*.
Theory: CNS* H1 rate -> 3/2 for k >= 2 (geometric term), independent of pressure amplitude;
        GS H1 rate -> 1 when G > 0;  test P: GS slip*mu/(hG) -> 1, energy*(mu/h)^(1/2)/G -> 1;  CNS* on P: u_h = 0.

solver health: 390 records (solvers: pardiso); 0 with relres > 1e-8 or divres > 1e-6
   max divres = 1.0e-09, max relres = 2.2e-12

=== mesh=std k=5 test B1 mu=100   [mu*(N=8)=87.6, mu*(N=16)=99.2, mu*(N=32)=106.7, mu*(N=64)=112.3]   <<< mu BELOW coercivity threshold: results not covered by the theory
  GS
       N       h         H1    rt     energy    rt       slip    rt        bdn    rt   divres   relres
      16  1.5052  1.209e-01   nan  1.071e+00   nan  3.967e-02   nan  8.265e-01   nan  5.2e-11  2.1e-15
      24  1.0559  5.022e-02  2.48  2.831e-01  3.75  1.945e-02  2.01  1.989e-01  4.02  5.0e-11  1.4e-15
      32  0.8127  3.772e-02  1.09  2.158e-01  1.04  1.431e-02  1.17  1.568e-01  0.91  5.9e-11  1.4e-15
      48  0.5560  2.553e-02  1.03  1.534e-01  0.90  9.296e-03  1.14  1.150e-01  0.82  8.4e-11  1.4e-15
      64  0.4224  1.926e-02  1.03  1.233e-01  0.80  7.009e-03  1.03  8.690e-02  1.02  1.2e-10  1.7e-15
      96  0.2853  1.421e-02  0.77  1.111e-01  0.26  4.697e-03  1.02  1.244e-01 -0.91  1.6e-10  2.0e-15
  CNS*
       N       h         H1    rt     energy    rt       slip    rt        bdn    rt   divres   relres
      16  1.5052  1.722e-01   nan  6.641e-01   nan  4.303e-02   nan  4.377e-01   nan  3.7e-11  2.1e-15
      24  1.0559  4.993e-02  3.49  2.437e-01  2.83  1.185e-02  3.64  2.032e-01  2.16  4.6e-11  1.4e-15
      32  0.8127  1.380e-01 -3.88  5.498e-01 -3.11  2.309e-02 -2.55  5.174e-01 -3.57  5.8e-11  1.3e-15
      48  0.5560  4.490e-01 -3.11  1.368e+00 -2.40  6.841e-02 -2.86  1.221e+00 -2.26  8.7e-11  1.4e-15
      64  0.4224  7.733e-02  6.40  2.431e-01  6.29  9.012e-03  7.38  2.833e-01  5.32  1.2e-10  1.6e-15
      96  0.2853  3.693e+00 -9.85  1.163e+01 -9.85  3.777e-01 -9.52  1.586e+01 -10.25  1.5e-10  2.0e-15
  D = GS - CNS*
       N       h         H1    rt     energy    rt       slip    rt        bdn    rt  H1*mu/hG slip*mu/hG en*(mu/h)^.5/G
      16  1.5052  1.947e-01   nan  1.276e+00   nan  3.885e-02   nan  9.951e-01   nan    7.8035     1.5566         6.2737
      24  1.0559  6.099e-02  3.27  2.309e-01  4.82  1.838e-02  2.11  1.291e-01  5.76    3.4839     1.0499         1.3553
      32  0.8127  1.400e-01 -3.17  5.355e-01 -3.21  2.542e-02 -1.24  4.806e-01 -5.02   10.3919     1.8863         3.5829
      48  0.5560  4.508e-01 -3.08  1.378e+00 -2.49  7.007e-02 -2.67  1.210e+00 -2.43   48.9091     7.6012        11.1498
      64  0.4224  7.985e-02  6.30  2.666e-01  5.98  1.163e-02  6.54  2.781e-01  5.35   11.4007     1.6611         2.4744
      96  0.2853  3.693e+00 -9.77  1.164e+01 -9.62  3.772e-01 -8.86  1.588e+01 -10.30  780.8293    79.7541       131.4082

=== mesh=std k=5 test B1 mu=300   [mu*(N=8)=87.6, mu*(N=16)=99.2, mu*(N=32)=106.7, mu*(N=64)=112.3]
  GS
       N       h         H1    rt     energy    rt       slip    rt        bdn    rt   divres   relres
      16  1.5052  6.240e-02   nan  4.829e-01   nan  2.484e-02   nan  2.658e-01   nan  3.6e-11  2.1e-15
      24  1.0559  3.496e-02  1.63  2.832e-01  1.51  1.246e-02  1.95  1.817e-01  1.07  4.7e-11  1.4e-15
      32  0.8127  2.314e-02  1.58  1.946e-01  1.43  7.739e-03  1.82  1.368e-01  1.08  6.2e-11  1.2e-15
      48  0.5560  1.320e-02  1.48  1.192e-01  1.29  4.174e-03  1.63  9.119e-02  1.07  9.3e-11  1.4e-15
      64  0.4224  9.044e-03  1.38  8.784e-02  1.11  2.823e-03  1.42  6.836e-02  1.05  1.1e-10  1.6e-15
      96  0.2853  5.470e-03  1.28  6.125e-02  0.92  1.725e-03  1.26  4.557e-02  1.03  1.7e-10  2.0e-15
     128  0.2153  3.900e-03  1.20  4.951e-02  0.76  1.252e-03  1.14  3.418e-02  1.02  2.2e-10  2.3e-15
  CNS*
       N       h         H1    rt     energy    rt       slip    rt        bdn    rt   divres   relres
      16  1.5052  6.998e-02   nan  4.855e-01   nan  2.333e-02   nan  2.850e-01   nan  5.2e-11  2.1e-15
      24  1.0559  3.844e-02  1.69  2.741e-01  1.61  1.103e-02  2.11  1.923e-01  1.11  5.8e-11  1.4e-15
      32  0.8127  2.464e-02  1.70  1.798e-01  1.61  6.340e-03  2.12  1.441e-01  1.10  5.5e-11  1.3e-15
      48  0.5560  1.305e-02  1.68  9.836e-02  1.59  2.859e-03  2.10  9.570e-02  1.08  8.7e-11  1.4e-15
      64  0.4224  8.304e-03  1.64  6.396e-02  1.57  1.616e-03  2.08  7.163e-02  1.05  1.1e-10  1.6e-15
      96  0.2853  4.409e-03  1.61  3.483e-02  1.55  7.204e-04  2.06  4.767e-02  1.04  1.6e-10  2.0e-15
     128  0.2153  2.823e-03  1.59  2.263e-02  1.53  4.056e-04  2.04  3.572e-02  1.03  2.1e-10  2.3e-15
  D = GS - CNS*
       N       h         H1    rt     energy    rt       slip    rt        bdn    rt  H1*mu/hG slip*mu/hG en*(mu/h)^.5/G
      16  1.5052  2.861e-02   nan  1.294e-01   nan  8.021e-03   nan  4.547e-02   nan    3.4393     0.9642         1.1021
      24  1.0559  1.885e-02  1.18  1.015e-01  0.69  5.570e-03  1.03  3.274e-02  0.93    3.2305     0.9545         1.0319
      32  0.8127  1.393e-02  1.16  8.679e-02  0.60  4.300e-03  0.99  2.512e-02  1.01    3.1011     0.9574         1.0057
      48  0.5560  9.120e-03  1.12  7.072e-02  0.54  2.970e-03  0.97  1.688e-02  1.05    2.9681     0.9667         0.9909
      64  0.4224  6.783e-03  1.08  6.150e-02  0.51  2.273e-03  0.97  1.263e-02  1.06    2.9053     0.9736         0.9885
      96  0.2853  4.490e-03  1.05  5.059e-02  0.50  1.548e-03  0.98  8.366e-03  1.05    2.8478     0.9818         0.9896
     128  0.2153  3.358e-03  1.03  4.403e-02  0.49  1.174e-03  0.98  6.246e-03  1.04    2.8218     0.9862         0.9912

=== mesh=std k=5 test B1 mu=1000   [mu*(N=8)=87.6, mu*(N=16)=99.2, mu*(N=32)=106.7, mu*(N=64)=112.3]
  GS
       N       h         H1    rt     energy    rt       slip    rt        bdn    rt   divres   relres
      16  1.5052  7.167e-02   nan  7.201e-01   nan  2.350e-02   nan  3.119e-01   nan  2.9e-11  2.0e-15
      24  1.0559  3.922e-02  1.70  4.074e-01  1.61  1.117e-02  2.10  2.093e-01  1.13  4.4e-11  1.4e-15
      32  0.8127  2.514e-02  1.70  2.685e-01  1.59  6.481e-03  2.08  1.561e-01  1.12  5.4e-11  1.3e-15
      48  0.5560  1.336e-02  1.67  1.494e-01  1.54  3.004e-03  2.03  1.031e-01  1.09  1.0e-10  1.4e-15
      64  0.4224  8.554e-03  1.62  9.963e-02  1.48  1.762e-03  1.94  7.701e-02  1.06  1.1e-10  1.7e-15
      96  0.2853  4.605e-03  1.58  5.808e-02  1.37  8.622e-04  1.82  5.115e-02  1.04  1.6e-10  2.0e-15
     128  0.2153  2.992e-03  1.53  4.101e-02  1.24  5.406e-04  1.66  3.831e-02  1.03  2.1e-10  2.3e-15
  CNS*
       N       h         H1    rt     energy    rt       slip    rt        bdn    rt   divres   relres
      16  1.5052  7.654e-02   nan  7.170e-01   nan  2.331e-02   nan  3.129e-01   nan  3.6e-11  2.1e-15
      24  1.0559  4.187e-02  1.70  4.033e-01  1.62  1.102e-02  2.11  2.086e-01  1.14  5.8e-11  1.4e-15
      32  0.8127  2.680e-02  1.70  2.641e-01  1.62  6.332e-03  2.11  1.557e-01  1.12  5.8e-11  1.3e-15
      48  0.5560  1.418e-02  1.68  1.443e-01  1.59  2.858e-03  2.10  1.032e-01  1.08  8.7e-11  1.4e-15
      64  0.4224  9.024e-03  1.64  9.373e-02  1.57  1.616e-03  2.07  7.722e-02  1.06  1.0e-10  1.7e-15
      96  0.2853  4.792e-03  1.61  5.099e-02  1.55  7.211e-04  2.06  5.141e-02  1.04  1.5e-10  2.0e-15
     128  0.2153  3.069e-03  1.58  3.310e-02  1.54  4.062e-04  2.04  3.854e-02  1.02  2.1e-10  2.4e-15
  D = GS - CNS*
       N       h         H1    rt     energy    rt       slip    rt        bdn    rt  H1*mu/hG slip*mu/hG en*(mu/h)^.5/G
      16  1.5052  1.392e-02   nan  7.636e-02   nan  2.669e-03   nan  2.451e-02   nan    5.5784     1.0695         1.1871
      24  1.0559  8.261e-03  1.47  5.755e-02  0.80  1.756e-03  1.18  1.751e-02  0.95    4.7185     1.0030         1.0682
      32  0.8127  5.642e-03  1.46  4.832e-02  0.67  1.326e-03  1.07  1.300e-02  1.14    4.1871     0.9845         1.0222
      48  0.5560  3.352e-03  1.37  3.892e-02  0.57  9.026e-04  1.01  8.276e-03  1.19    3.6359     0.9791         0.9955
      64  0.4224  2.363e-03  1.27  3.375e-02  0.52  6.873e-04  0.99  5.985e-03  1.18    3.3737     0.9813         0.9903
      96  0.2853  1.482e-03  1.19  2.773e-02  0.50  4.664e-04  0.99  3.820e-03  1.14    3.1340     0.9860         0.9901
     128  0.2153  1.080e-03  1.13  2.413e-02  0.49  3.532e-04  0.99  2.797e-03  1.11    3.0257     0.9891         0.9916

=== mesh=std k=5 test P1 mu=100   [mu*(N=8)=87.6, mu*(N=16)=99.2, mu*(N=32)=106.7, mu*(N=64)=112.3]   <<< mu BELOW coercivity threshold: results not covered by the theory
  GS
       N       h         H1    rt     energy    rt       slip    rt        bdn    rt  H1*mu/hG slip*mu/hG en*(mu/h)^.5/G   divres   relres
      16  1.5052  8.071e-02   nan  5.694e-01   nan  2.312e-02   nan  4.330e-01   nan    3.2343     0.9262         2.7993  1.6e-11  2.1e-12
      24  1.0559  4.505e-02  1.65  1.743e-01  3.34  1.625e-02  0.99  5.615e-02  5.76    2.5731     0.9284         1.0230  1.6e-11  2.2e-12
      32  0.8127  3.542e-02  0.92  1.542e-01  0.47  1.274e-02  0.93  5.603e-02  0.01    2.6291     0.9455         1.0316  1.6e-11  2.2e-12
      48  0.5560  2.457e-02  0.96  1.239e-01  0.58  8.876e-03  0.95  3.200e-02  1.48    2.6656     0.9629         1.0019  1.6e-11  2.2e-12
      64  0.4224  1.885e-02  0.96  1.080e-01  0.50  6.807e-03  0.97  2.858e-02  0.41    2.6917     0.9719         1.0024  1.6e-11  2.2e-12
      96  0.2853  1.284e-02  0.98  8.850e-02  0.51  4.641e-03  0.98  2.038e-02  0.86    2.7140     0.9811         0.9993  1.6e-11  2.2e-12
  CNS*
       N       h         H1    rt     energy    rt       slip    rt        bdn    rt   divres   relres
      16  1.5052  4.248e-11   nan  7.507e-11   nan  9.399e-13   nan  5.006e-11   nan  1.6e-11  2.1e-12
      24  1.0559  4.249e-11 -0.00  6.496e-11  0.41  2.814e-13  3.40  4.774e-11  0.13  1.6e-11  2.1e-12
      32  0.8127  4.280e-11 -0.03  6.229e-11  0.16  6.414e-13 -3.15  4.957e-11 -0.14  1.6e-11  2.2e-12
      48  0.5560  6.964e-11 -1.28  1.678e-10 -2.61  8.037e-12 -6.66  1.450e-10 -2.83  1.6e-11  2.2e-12
      64  0.4224  5.939e-11  0.58  1.429e-10  0.58  4.542e-12  2.08  1.686e-10 -0.55  1.6e-11  2.2e-12
      96  0.2853  8.461e-10 -6.77  2.669e-09 -7.46  8.652e-11 -7.51  3.642e-09 -7.83  1.6e-11  2.2e-12
  D = GS - CNS*
       N       h         H1    rt     energy    rt       slip    rt        bdn    rt
      16  1.5052  8.071e-02   nan  5.694e-01   nan  2.312e-02   nan  4.330e-01   nan
      24  1.0559  4.505e-02  1.65  1.743e-01  3.34  1.625e-02  0.99  5.615e-02  5.76
      32  0.8127  3.542e-02  0.92  1.542e-01  0.47  1.274e-02  0.93  5.603e-02  0.01
      48  0.5560  2.457e-02  0.96  1.239e-01  0.58  8.876e-03  0.95  3.200e-02  1.48
      64  0.4224  1.885e-02  0.96  1.080e-01  0.50  6.807e-03  0.97  2.858e-02  0.41
      96  0.2853  1.284e-02  0.98  8.850e-02  0.51  4.641e-03  0.98  2.038e-02  0.86

=== mesh=std k=5 test P1 mu=1000   [mu*(N=8)=87.6, mu*(N=16)=99.2, mu*(N=32)=106.7, mu*(N=64)=112.3]
  GS
       N       h         H1    rt     energy    rt       slip    rt        bdn    rt  H1*mu/hG slip*mu/hG en*(mu/h)^.5/G   divres   relres
      16  1.5052  6.922e-03   nan  6.390e-02   nan  2.425e-03   nan  9.241e-03   nan    2.7737     0.9717         0.9934  1.6e-11  2.1e-12
      24  1.0559  4.880e-03  0.99  5.368e-02  0.49  1.724e-03  0.96  6.406e-03  1.03    2.7877     0.9846         0.9963  1.6e-11  2.1e-12
      32  0.8127  3.755e-03  1.00  4.714e-02  0.50  1.334e-03  0.98  4.909e-03  1.02    2.7872     0.9898         0.9974  1.6e-11  2.2e-12
      48  0.5560  2.564e-03  1.01  3.903e-02  0.50  9.164e-04  0.99  3.352e-03  1.01    2.7816     0.9942         0.9984  1.6e-11  2.2e-12
      64  0.4224  1.945e-03  1.01  3.404e-02  0.50  6.976e-04  0.99  2.548e-03  1.00    2.7770     0.9960         0.9988  1.6e-11  2.2e-12
      96  0.2853  1.311e-03  1.01  2.798e-02  0.50  4.718e-04  1.00  1.724e-03  0.99    2.7712     0.9976         0.9992  1.6e-11  2.2e-12
     128  0.2153  9.883e-04  1.00  2.432e-02  0.50  3.564e-04  1.00  1.304e-03  0.99    2.7679     0.9983         0.9994  1.6e-11  2.2e-12
  CNS*
       N       h         H1    rt     energy    rt       slip    rt        bdn    rt   divres   relres
      16  1.5052  4.232e-11   nan  6.683e-11   nan  6.923e-14   nan  4.214e-11   nan  1.6e-11  2.1e-12
      24  1.0559  4.250e-11 -0.01  6.246e-11  0.19  3.127e-14  2.24  4.453e-11 -0.16  1.6e-11  2.1e-12
      32  0.8127  4.258e-11 -0.01  5.914e-11  0.21  1.713e-14  2.30  4.553e-11 -0.09  1.6e-11  2.2e-12
      48  0.5560  4.263e-11 -0.00  5.486e-11  0.20  7.122e-15  2.31  4.630e-11 -0.04  1.6e-11  2.2e-12
      64  0.4224  4.265e-11 -0.00  5.230e-11  0.17  3.801e-15  2.29  4.658e-11 -0.02  1.6e-11  2.2e-12
      96  0.2853  4.267e-11 -0.00  4.945e-11  0.14  1.591e-15  2.22  4.679e-11 -0.01  1.6e-11  2.2e-12
     128  0.2153  4.267e-11 -0.00  4.790e-11  0.11  8.780e-16  2.11  4.687e-11 -0.01  1.6e-11  2.2e-12
  D = GS - CNS*
       N       h         H1    rt     energy    rt       slip    rt        bdn    rt
      16  1.5052  6.922e-03   nan  6.390e-02   nan  2.425e-03   nan  9.241e-03   nan
      24  1.0559  4.880e-03  0.99  5.368e-02  0.49  1.724e-03  0.96  6.406e-03  1.03
      32  0.8127  3.755e-03  1.00  4.714e-02  0.50  1.334e-03  0.98  4.909e-03  1.02
      48  0.5560  2.564e-03  1.01  3.903e-02  0.50  9.164e-04  0.99  3.352e-03  1.01
      64  0.4224  1.945e-03  1.01  3.404e-02  0.50  6.976e-04  0.99  2.548e-03  1.00
      96  0.2853  1.311e-03  1.01  2.798e-02  0.50  4.718e-04  1.00  1.724e-03  0.99
     128  0.2153  9.883e-04  1.00  2.432e-02  0.50  3.564e-04  1.00  1.304e-03  0.99

=== mesh=std k=6 test B1 mu=100   [mu*(N=16)=148.2, mu*(N=32)=157.5, mu*(N=64)=164.1]   <<< mu BELOW coercivity threshold: results not covered by the theory
  GS
       N       h         H1    rt     energy    rt       slip    rt        bdn    rt   divres   relres
      16  1.5052  8.196e-02   nan  5.378e-01   nan  3.314e-02   nan  3.732e-01   nan  1.7e-10  1.6e-15
      24  1.0559  8.284e-02 -0.03  7.379e-01 -0.89  2.107e-02  1.28  6.850e-01 -1.71  3.1e-10  1.5e-15
      32  0.8127  6.503e-01 -7.87  6.676e+00 -8.41  6.029e-02 -4.02  7.332e+00 -9.05  3.8e-10  1.6e-15
      48  0.5560  3.142e-02  7.98  2.427e-01  8.73  9.438e-03  4.89  2.746e-01  8.65  5.1e-10  2.0e-15
      64  0.4224  3.188e-02 -0.05  2.898e-01 -0.64  7.202e-03  0.98  4.090e-01 -1.45  6.4e-10  2.3e-15
      96  0.2853  1.735e-02  1.55  1.515e-01  1.65  4.738e-03  1.07  2.275e-01  1.49  9.5e-10  2.8e-15
  CNS*
       N       h         H1    rt     energy    rt       slip    rt        bdn    rt   divres   relres
      16  1.5052  3.723e-01   nan  1.319e+00   nan  9.102e-02   nan  8.357e-01   nan  2.7e-10  1.5e-15
      24  1.0559  2.278e-01  1.39  1.330e+00 -0.02  4.578e-02  1.94  1.200e+00 -1.02  3.4e-10  1.5e-15
      32  0.8127  1.044e-01  2.98  7.222e-01  2.33  1.488e-02  4.29  7.713e-01  1.69  3.8e-10  1.7e-15
      48  0.5560  4.690e-02  2.11  3.326e-01  2.04  5.630e-03  2.56  4.298e-01  1.54  4.7e-10  2.0e-15
      64  0.4224  2.970e-02  1.66  2.052e-01  1.76  3.025e-03  2.26  3.040e-01  1.26  6.5e-10  2.3e-15
      96  0.2853  7.535e-01 -8.24  5.641e+00 -8.44  5.533e-02 -7.40  1.029e+01 -8.97  9.4e-10  2.8e-15
  D = GS - CNS*
       N       h         H1    rt     energy    rt       slip    rt        bdn    rt  H1*mu/hG slip*mu/hG en*(mu/h)^.5/G
      16  1.5052  3.689e-01   nan  1.358e+00   nan  8.909e-02   nan  8.860e-01   nan   14.7834     3.5700         6.6776
      24  1.0559  2.301e-01  1.33  1.280e+00  0.17  4.809e-02  1.74  1.137e+00 -0.70   13.1427     2.7470         7.5112
      32  0.8127  6.644e-01 -4.05  6.777e+00 -6.37  6.186e-02 -0.96  7.443e+00 -7.17   49.3077     4.5909        45.3436
      48  0.5560  5.059e-02  6.78  3.254e-01  8.00  1.011e-02  4.77  3.909e-01  7.76    5.4879     1.0968         2.6324
      64  0.4224  3.841e-02  1.00  2.872e-01  0.45  7.357e-03  1.16  4.018e-01 -0.10    5.4837     1.0504         2.6654
      96  0.2853  7.545e-01 -7.59  5.654e+00 -7.59  5.557e-02 -5.15  1.031e+01 -8.27  159.5159    11.7494        63.8462

=== mesh=std k=6 test B1 mu=300   [mu*(N=16)=148.2, mu*(N=32)=157.5, mu*(N=64)=164.1]
  GS
       N       h         H1    rt     energy    rt       slip    rt        bdn    rt   divres   relres
      16  1.5052  6.127e-02   nan  4.919e-01   nan  2.489e-02   nan  2.761e-01   nan  2.6e-10  1.6e-15
      24  1.0559  3.440e-02  1.63  2.904e-01  1.49  1.249e-02  1.95  1.917e-01  1.03  2.7e-10  1.5e-15
      32  0.8127  2.282e-02  1.57  2.001e-01  1.42  7.757e-03  1.82  1.459e-01  1.04  3.9e-10  1.6e-15
      48  0.5560  1.306e-02  1.47  1.224e-01  1.29  4.182e-03  1.63  9.842e-02  1.04  5.1e-10  1.9e-15
      64  0.4224  8.973e-03  1.37  8.991e-02  1.12  2.827e-03  1.42  7.421e-02  1.03  6.2e-10  2.3e-15
      96  0.2853  5.442e-03  1.27  6.220e-02  0.94  1.726e-03  1.26  4.973e-02  1.02  1.0e-09  2.8e-15
  CNS*
       N       h         H1    rt     energy    rt       slip    rt        bdn    rt   divres   relres
      16  1.5052  6.751e-02   nan  4.880e-01   nan  2.331e-02   nan  2.885e-01   nan  2.8e-10  1.6e-15
      24  1.0559  3.699e-02  1.70  2.793e-01  1.57  1.102e-02  2.11  1.998e-01  1.04  3.9e-10  1.4e-15
      32  0.8127  2.370e-02  1.70  1.849e-01  1.58  6.333e-03  2.11  1.522e-01  1.04  3.9e-10  1.6e-15
      48  0.5560  1.256e-02  1.67  1.022e-01  1.56  2.859e-03  2.10  1.028e-01  1.03  4.7e-10  1.9e-15
      64  0.4224  8.003e-03  1.64  6.677e-02  1.55  1.616e-03  2.07  7.753e-02  1.03  6.9e-10  1.1e-14
      96  0.2853  4.256e-03  1.61  3.653e-02  1.54  7.211e-04  2.06  5.194e-02  1.02  9.3e-10  2.8e-15
  D = GS - CNS*
       N       h         H1    rt     energy    rt       slip    rt        bdn    rt  H1*mu/hG slip*mu/hG en*(mu/h)^.5/G
      16  1.5052  2.754e-02   nan  1.322e-01   nan  8.051e-03   nan  5.030e-02   nan    3.3105     0.9678         1.1260
      24  1.0559  1.823e-02  1.16  1.031e-01  0.70  5.625e-03  1.01  3.507e-02  1.02    3.1236     0.9639         1.0477
      32  0.8127  1.355e-02  1.13  8.782e-02  0.61  4.344e-03  0.99  2.630e-02  1.10    3.0164     0.9672         1.0177
      48  0.5560  8.949e-03  1.09  7.132e-02  0.55  2.995e-03  0.98  1.727e-02  1.11    2.9124     0.9748         0.9993
      64  0.4224  6.689e-03  1.06  6.191e-02  0.52  2.288e-03  0.98  1.280e-02  1.09    2.8651     0.9801         0.9950
      96  0.2853  4.451e-03  1.04  5.082e-02  0.50  1.555e-03  0.98  8.419e-03  1.07    2.8228     0.9862         0.9940

=== mesh=std k=6 test B1 mu=1000   [mu*(N=16)=148.2, mu*(N=32)=157.5, mu*(N=64)=164.1]
  GS
       N       h         H1    rt     energy    rt       slip    rt        bdn    rt   divres   relres
      16  1.5052  6.714e-02   nan  7.151e-01   nan  2.354e-02   nan  3.037e-01   nan  2.1e-10  1.6e-15
      24  1.0559  3.670e-02  1.70  4.073e-01  1.59  1.119e-02  2.10  2.085e-01  1.06  3.2e-10  1.4e-15
      32  0.8127  2.353e-02  1.70  2.697e-01  1.57  6.493e-03  2.08  1.582e-01  1.06  3.9e-10  1.5e-15
      48  0.5560  1.253e-02  1.66  1.509e-01  1.53  3.010e-03  2.03  1.066e-01  1.04  5.3e-10  2.0e-15
      64  0.4224  8.038e-03  1.62  1.009e-01  1.47  1.765e-03  1.94  8.040e-02  1.03  6.3e-10  2.3e-15
      96  0.2853  4.342e-03  1.57  5.885e-02  1.37  8.637e-04  1.82  5.391e-02  1.02  1.0e-09  2.9e-15
  CNS*
       N       h         H1    rt     energy    rt       slip    rt        bdn    rt   divres   relres
      16  1.5052  7.152e-02   nan  7.121e-01   nan  2.335e-02   nan  3.048e-01   nan  2.4e-10  1.6e-15
      24  1.0559  3.913e-02  1.70  4.041e-01  1.60  1.104e-02  2.11  2.096e-01  1.06  2.4e-10  1.5e-15
      32  0.8127  2.507e-02  1.70  2.661e-01  1.60  6.344e-03  2.11  1.594e-01  1.05  3.9e-10  1.6e-15
      48  0.5560  1.328e-02  1.67  1.462e-01  1.58  2.864e-03  2.10  1.078e-01  1.03  5.7e-10  2.0e-15
      64  0.4224  8.466e-03  1.64  9.530e-02  1.56  1.620e-03  2.07  8.140e-02  1.02  6.6e-10  2.2e-15
      96  0.2853  4.503e-03  1.61  5.199e-02  1.54  7.227e-04  2.06  5.466e-02  1.01  9.7e-10  2.8e-15
  D = GS - CNS*
       N       h         H1    rt     energy    rt       slip    rt        bdn    rt  H1*mu/hG slip*mu/hG en*(mu/h)^.5/G
      16  1.5052  1.304e-02   nan  7.553e-02   nan  2.618e-03   nan  2.552e-02   nan    5.2248     1.0491         1.1742
      24  1.0559  7.667e-03  1.50  5.706e-02  0.79  1.757e-03  1.12  1.609e-02  1.30    4.3793     1.0037         1.0591
      32  0.8127  5.262e-03  1.44  4.821e-02  0.64  1.335e-03  1.05  1.136e-02  1.33    3.9054     0.9905         1.0200
      48  0.5560  3.174e-03  1.33  3.905e-02  0.56  9.092e-04  1.01  7.049e-03  1.26    3.4434     0.9863         0.9987
      64  0.4224  2.264e-03  1.23  3.389e-02  0.52  6.917e-04  1.00  5.101e-03  1.18    3.2329     0.9876         0.9946
      96  0.2853  1.440e-03  1.15  2.784e-02  0.50  4.686e-04  0.99  3.288e-03  1.12    3.0453     0.9907         0.9940

=== mesh=std k=6 test P1 mu=100   [mu*(N=16)=148.2, mu*(N=32)=157.5, mu*(N=64)=164.1]   <<< mu BELOW coercivity threshold: results not covered by the theory
  GS
       N       h         H1    rt     energy    rt       slip    rt        bdn    rt  H1*mu/hG slip*mu/hG en*(mu/h)^.5/G   divres   relres
      16  1.5052  6.801e-02   nan  3.564e-01   nan  2.266e-02   nan  2.422e-01   nan    2.7252     0.9081         1.7522  1.6e-11  2.2e-12
      24  1.0559  7.351e-02 -0.22  6.208e-01 -1.57  1.735e-02  0.75  5.769e-01 -2.45    4.1991     0.9908         3.6437  1.6e-11  2.2e-12
      32  0.8127  1.040e-01 -1.32  1.013e+00 -1.87  1.543e-02  0.45  1.102e+00 -2.47    7.7171     1.1451         6.7799  1.6e-11  2.2e-12
      48  0.5560  3.061e-02  3.22  2.245e-01  3.97  8.973e-03  1.43  2.509e-01  3.90    3.3209     0.9734         1.8161  1.6e-11  2.2e-12
      64  0.4224  2.990e-02  0.09  2.632e-01 -0.58  6.967e-03  0.92  3.671e-01 -1.39    4.2688     0.9948         2.4429  1.6e-11  2.2e-12
      96  0.2853  1.698e-02  1.44  1.444e-01  1.53  4.677e-03  1.02  2.126e-01  1.39    3.5889     0.9888         1.6307  1.6e-11  2.2e-12
  CNS*
       N       h         H1    rt     energy    rt       slip    rt        bdn    rt   divres   relres
      16  1.5052  4.363e-11   nan  8.552e-11   nan  2.989e-12   nan  5.657e-11   nan  1.6e-11  2.2e-12
      24  1.0559  4.450e-11 -0.06  8.409e-11  0.05  1.715e-12  1.57  6.750e-11 -0.50  1.6e-11  2.2e-12
      32  0.8127  4.280e-11  0.15  6.281e-11  1.11  4.563e-13  5.06  5.068e-11  1.09  1.6e-11  2.2e-12
      48  0.5560  4.288e-11 -0.01  5.829e-11  0.20  2.172e-13  1.96  5.281e-11 -0.11  1.6e-11  2.2e-12
      64  0.4224  4.291e-11 -0.00  5.346e-11  0.31  1.125e-13  2.39  4.898e-11  0.27  1.6e-11  2.2e-12
      96  0.2853  4.329e-11 -0.02  5.676e-11 -0.15  2.703e-13 -2.23  6.808e-11 -0.84  1.6e-11  2.2e-12
  D = GS - CNS*
       N       h         H1    rt     energy    rt       slip    rt        bdn    rt
      16  1.5052  6.801e-02   nan  3.564e-01   nan  2.266e-02   nan  2.422e-01   nan
      24  1.0559  7.351e-02 -0.22  6.208e-01 -1.57  1.735e-02  0.75  5.769e-01 -2.45
      32  0.8127  1.040e-01 -1.32  1.013e+00 -1.87  1.543e-02  0.45  1.102e+00 -2.47
      48  0.5560  3.061e-02  3.22  2.245e-01  3.97  8.973e-03  1.43  2.509e-01  3.90
      64  0.4224  2.990e-02  0.09  2.632e-01 -0.58  6.967e-03  0.92  3.671e-01 -1.39
      96  0.2853  1.698e-02  1.44  1.444e-01  1.53  4.677e-03  1.02  2.126e-01  1.39

=== mesh=std k=6 test P1 mu=1000   [mu*(N=16)=148.2, mu*(N=32)=157.5, mu*(N=64)=164.1]
  GS
       N       h         H1    rt     energy    rt       slip    rt        bdn    rt  H1*mu/hG slip*mu/hG en*(mu/h)^.5/G   divres   relres
      16  1.5052  6.902e-03   nan  6.400e-02   nan  2.426e-03   nan  9.562e-03   nan    2.7657     0.9722         0.9950  1.6e-11  2.2e-12
      24  1.0559  4.867e-03  0.99  5.373e-02  0.49  1.724e-03  0.96  6.730e-03  0.99    2.7800     0.9848         0.9973  1.6e-11  2.2e-12
      32  0.8127  3.746e-03  1.00  4.717e-02  0.50  1.334e-03  0.98  5.189e-03  0.99    2.7805     0.9900         0.9981  1.6e-11  2.2e-12
      48  0.5560  2.560e-03  1.00  3.904e-02  0.50  9.165e-04  0.99  3.564e-03  0.99    2.7767     0.9942         0.9987  1.6e-11  2.2e-12
      64  0.4224  1.942e-03  1.00  3.404e-02  0.50  6.976e-04  0.99  2.717e-03  0.99    2.7732     0.9960         0.9990  1.6e-11  2.2e-12
      96  0.2853  1.310e-03  1.00  2.798e-02  0.50  4.719e-04  1.00  1.844e-03  0.99    2.7686     0.9976         0.9993  1.6e-11  2.2e-12
  CNS*
       N       h         H1    rt     energy    rt       slip    rt        bdn    rt   divres   relres
      16  1.5052  4.240e-11   nan  6.867e-11   nan  5.254e-14   nan  4.402e-11   nan  1.6e-11  2.2e-12
      24  1.0559  4.260e-11 -0.01  6.377e-11  0.21  2.364e-14  2.25  4.617e-11 -0.13  1.6e-11  2.2e-12
      32  0.8127  4.269e-11 -0.01  6.028e-11  0.22  1.295e-14  2.30  4.720e-11 -0.08  1.6e-11  2.2e-12
      48  0.5560  4.281e-11 -0.01  5.594e-11  0.20  5.442e-15  2.28  4.830e-11 -0.06  1.6e-11  2.2e-12
      64  0.4224  4.290e-11 -0.01  5.345e-11  0.17  2.969e-15  2.20  4.904e-11 -0.06  1.6e-11  2.2e-12
      96  0.2853  4.313e-11 -0.01  5.081e-11  0.13  1.322e-15  2.06  5.029e-11 -0.06  1.6e-11  2.2e-12
  D = GS - CNS*
       N       h         H1    rt     energy    rt       slip    rt        bdn    rt
      16  1.5052  6.902e-03   nan  6.400e-02   nan  2.426e-03   nan  9.562e-03   nan
      24  1.0559  4.867e-03  0.99  5.373e-02  0.49  1.724e-03  0.96  6.730e-03  0.99
      32  0.8127  3.746e-03  1.00  4.717e-02  0.50  1.334e-03  0.98  5.189e-03  0.99
      48  0.5560  2.560e-03  1.00  3.904e-02  0.50  9.165e-04  0.99  3.564e-03  0.99
      64  0.4224  1.942e-03  1.00  3.404e-02  0.50  6.976e-04  0.99  2.717e-03  0.99
      96  0.2853  1.310e-03  1.00  2.798e-02  0.50  4.719e-04  1.00  1.844e-03  0.99

=== mesh=ct k=2 test A mu=100   [mu*(N=8)=19.5, mu*(N=16)=29.7, mu*(N=32)=35.0, mu*(N=64)=38.1, mu*(N=128)=39.8]
  GS
       N       h         H1    rt     energy    rt       slip    rt        bdn    rt   divres   relres
      16  1.5052  3.762e-01   nan  1.333e+00   nan  8.767e-02   nan  8.647e-01   nan  1.2e-12  7.6e-16
      24  1.0559  1.957e-01  1.84  7.013e-01  1.81  3.928e-02  2.26  5.396e-01  1.33  6.6e-13  7.9e-16
      32  0.8127  1.216e-01  1.82  4.412e-01  1.77  2.207e-02  2.20  3.841e-01  1.30  4.5e-13  9.2e-16
      48  0.5560  6.083e-02  1.82  2.294e-01  1.72  9.768e-03  2.15  2.390e-01  1.25  2.5e-13  1.1e-15
      64  0.4224  3.672e-02  1.84  1.448e-01  1.68  5.477e-03  2.11  1.721e-01  1.20  1.8e-13  1.2e-15
      96  0.2853  1.782e-02  1.84  7.627e-02  1.63  2.425e-03  2.08  1.098e-01  1.15  1.5e-13  1.6e-15
     128  0.2153  1.064e-02  1.83  4.867e-02  1.60  1.361e-03  2.05  8.048e-02  1.10  1.8e-13  1.9e-15
     192  0.1445  5.172e-03  1.81  2.601e-02  1.57  6.038e-04  2.04  5.244e-02  1.07  2.6e-13  2.3e-15
     256  0.1087  3.121e-03  1.78  1.673e-02  1.55  3.393e-04  2.03  3.888e-02  1.05  3.5e-13  2.7e-15
  CNS*
       N       h         H1    rt     energy    rt       slip    rt        bdn    rt   divres   relres
      16  1.5052  3.823e-01   nan  1.359e+00   nan  8.701e-02   nan  8.920e-01   nan  1.2e-12  7.1e-16
      24  1.0559  1.976e-01  1.86  7.102e-01  1.83  3.902e-02  2.26  5.515e-01  1.36  6.7e-13  7.9e-16
      32  0.8127  1.225e-01  1.83  4.455e-01  1.78  2.195e-02  2.20  3.909e-01  1.31  4.5e-13  8.0e-16
      48  0.5560  6.117e-02  1.83  2.310e-01  1.73  9.725e-03  2.14  2.422e-01  1.26  2.5e-13  1.1e-15
      64  0.4224  3.689e-02  1.84  1.456e-01  1.68  5.458e-03  2.10  1.739e-01  1.21  1.8e-13  1.3e-15
      96  0.2853  1.789e-02  1.84  7.657e-02  1.64  2.420e-03  2.07  1.106e-01  1.15  1.5e-13  1.6e-15
     128  0.2153  1.068e-02  1.83  4.882e-02  1.60  1.360e-03  2.05  8.095e-02  1.11  1.8e-13  1.8e-15
     192  0.1445  5.189e-03  1.81  2.607e-02  1.57  6.036e-04  2.04  5.264e-02  1.08  2.6e-13  2.3e-15
     256  0.1087  3.130e-03  1.78  1.676e-02  1.55  3.393e-04  2.02  3.900e-02  1.05  3.5e-13  2.7e-15
  D = GS - CNS*
       N       h         H1    rt     energy    rt       slip    rt        bdn    rt
      16  1.5052  3.802e-02   nan  1.047e-01   nan  9.144e-03   nan  5.124e-02   nan
      24  1.0559  1.219e-02  3.21  3.591e-02  3.02  2.708e-03  3.43  2.056e-02  2.58
      32  0.8127  5.870e-03  2.79  1.781e-02  2.68  1.223e-03  3.04  1.103e-02  2.38
      48  0.5560  2.259e-03  2.52  7.445e-03  2.30  4.510e-04  2.63  4.971e-03  2.10
      64  0.4224  1.193e-03  2.32  4.423e-03  1.90  2.485e-04  2.17  2.889e-03  1.98
      96  0.2853  4.989e-04  2.22  2.353e-03  1.61  1.166e-04  1.93  1.351e-03  1.94
     128  0.2153  2.707e-04  2.17  1.550e-03  1.48  6.879e-05  1.88  7.843e-04  1.93
     192  0.1445  1.149e-04  2.15  8.670e-04  1.46  3.225e-05  1.90  3.613e-04  1.94
     256  0.1087  6.277e-05  2.13  5.727e-04  1.46  1.863e-05  1.93  2.072e-04  1.95

=== mesh=ct k=2 test B1 mu=100   [mu*(N=8)=19.5, mu*(N=16)=29.7, mu*(N=32)=35.0, mu*(N=64)=38.1, mu*(N=128)=39.8]
  GS
       N       h         H1    rt     energy    rt       slip    rt        bdn    rt   divres   relres
      16  1.5052  3.100e+01   nan  3.145e+01   nan  3.093e-01   nan  3.770e+00   nan  1.2e-10  3.2e-15
      24  1.0559  1.988e+01  1.25  1.994e+01  1.28  6.716e-02  4.31  1.369e+00  2.86  9.2e-11  1.6e-15
      32  0.8127  1.372e+01  1.42  1.374e+01  1.42  2.370e-02  3.98  6.091e-01  3.09  7.3e-11  9.9e-16
      48  0.5560  7.649e+00  1.54  7.652e+00  1.54  9.527e-03  2.40  1.847e-01  3.14  4.9e-11  7.4e-16
      64  0.4224  4.872e+00  1.64  4.874e+00  1.64  6.952e-03  1.15  8.559e-02  2.80  3.6e-11  8.3e-16
      96  0.2853  2.472e+00  1.73  2.473e+00  1.73  4.687e-03  1.00  3.812e-02  2.06  2.4e-11  9.7e-16
     128  0.2153  1.489e+00  1.80  1.491e+00  1.80  3.541e-03  1.00  2.507e-02  1.49  2.0e-11  1.2e-15
     192  0.1445  7.084e-01  1.86  7.112e-01  1.85  2.380e-03  1.00  1.514e-02  1.26  1.7e-11  1.5e-15
     256  0.1087  4.119e-01  1.91  4.155e-01  1.89  1.793e-03  1.00  1.085e-02  1.17  1.7e-11  1.7e-15
  CNS*
       N       h         H1    rt     energy    rt       slip    rt        bdn    rt   divres   relres
      16  1.5052  3.101e+01   nan  3.150e+01   nan  3.443e-01   nan  3.899e+00   nan  1.2e-10  3.2e-15
      24  1.0559  1.988e+01  1.25  1.995e+01  1.29  8.491e-02  3.95  1.358e+00  2.97  9.2e-11  1.6e-15
      32  0.8127  1.372e+01  1.42  1.374e+01  1.42  2.841e-02  4.18  6.058e-01  3.08  7.3e-11  9.5e-16
      48  0.5560  7.649e+00  1.54  7.651e+00  1.54  5.718e-03  4.22  1.923e-01  3.02  4.9e-11  7.7e-16
      64  0.4224  4.872e+00  1.64  4.873e+00  1.64  2.261e-03  3.38  9.425e-02  2.59  3.6e-11  8.8e-16
      96  0.2853  2.472e+00  1.73  2.472e+00  1.73  8.446e-04  2.51  4.521e-02  1.87  2.4e-11  9.8e-16
     128  0.2153  1.489e+00  1.80  1.489e+00  1.80  4.553e-04  2.20  3.050e-02  1.40  2.0e-11  1.2e-15
     192  0.1445  7.083e-01  1.86  7.084e-01  1.86  1.965e-04  2.11  1.865e-02  1.23  1.7e-11  1.5e-15
     256  0.1087  4.119e-01  1.91  4.119e-01  1.91  1.093e-04  2.06  1.341e-02  1.16  1.7e-11  1.7e-15
  D = GS - CNS*
       N       h         H1    rt     energy    rt       slip    rt        bdn    rt  H1*mu/hG slip*mu/hG en*(mu/h)^.5/G
      16  1.5052  6.118e-01   nan  1.836e+00   nan  1.743e-01   nan  8.056e-01   nan   24.5171     6.9862         9.0256
      24  1.0559  1.778e-01  3.49  6.240e-01  3.04  5.501e-02  3.25  2.597e-01  3.19   10.1550     3.1420         3.6627
      32  0.8127  7.694e-02  3.20  3.140e-01  2.62  2.610e-02  2.85  1.042e-01  3.49    5.7102     1.9371         2.1006
      48  0.5560  3.183e-02  2.33  1.598e-01  1.78  1.149e-02  2.16  3.727e-02  2.71    3.4525     1.2464         1.2924
      64  0.4224  2.116e-02  1.49  1.210e-01  1.01  7.673e-03  1.47  2.406e-02  1.59    3.0212     1.0956         1.1225
      96  0.2853  1.342e-02  1.16  9.244e-02  0.69  4.866e-03  1.16  1.513e-02  1.18    2.8366     1.0287         1.0438
     128  0.2153  9.971e-03  1.06  7.873e-02  0.57  3.616e-03  1.06  1.122e-02  1.06    2.7926     1.0128         1.0233
     192  0.1445  6.629e-03  1.02  6.366e-02  0.53  2.404e-03  1.02  7.452e-03  1.03    2.7669     1.0036         1.0101
     256  0.1087  4.974e-03  1.01  5.497e-02  0.52  1.804e-03  1.01  5.590e-03  1.01    2.7595     1.0009         1.0056

=== mesh=ct k=2 test P1 mu=100   [mu*(N=8)=19.5, mu*(N=16)=29.7, mu*(N=32)=35.0, mu*(N=64)=38.1, mu*(N=128)=39.8]
  GS
       N       h         H1    rt     energy    rt       slip    rt        bdn    rt  H1*mu/hG slip*mu/hG en*(mu/h)^.5/G   divres   relres
      16  1.5052  6.125e-02   nan  2.043e-01   nan  2.220e-02   nan  5.899e-02   nan    2.4545     0.8897         1.0044  1.6e-11  9.6e-13
      24  1.0559  4.461e-02  0.89  1.705e-01  0.51  1.621e-02  0.89  4.570e-02  0.72    2.5483     0.9258         1.0008  1.6e-11  9.6e-13
      32  0.8127  3.501e-02  0.93  1.491e-01  0.51  1.272e-02  0.93  3.695e-02  0.81    2.5984     0.9439         0.9978  1.6e-11  9.5e-13
      48  0.5560  2.443e-02  0.95  1.230e-01  0.51  8.870e-03  0.95  2.649e-02  0.88    2.6503     0.9623         0.9952  1.6e-11  9.5e-13
      64  0.4224  1.875e-02  0.96  1.072e-01  0.50  6.804e-03  0.97  2.056e-02  0.92    2.6768     0.9715         0.9948  1.6e-11  9.5e-13
      96  0.2853  1.279e-02  0.97  8.813e-02  0.50  4.640e-03  0.98  1.416e-02  0.95    2.7034     0.9809         0.9952  1.6e-11  9.5e-13
     128  0.2153  9.700e-03  0.98  7.662e-02  0.50  3.519e-03  0.98  1.079e-02  0.97    2.7168     0.9856         0.9958  1.6e-11  9.5e-13
     192  0.1445  6.540e-03  0.99  6.282e-02  0.50  2.373e-03  0.99  7.302e-03  0.98    2.7301     0.9904         0.9968  1.6e-11  9.4e-13
     256  0.1087  4.933e-03  0.99  5.453e-02  0.50  1.790e-03  0.99  5.517e-03  0.99    2.7367     0.9928         0.9974  1.6e-11  9.4e-13
  CNS*
       N       h         H1    rt     energy    rt       slip    rt        bdn    rt   divres   relres
      16  1.5052  1.583e-03   nan  3.697e-03   nan  3.245e-04   nan  1.664e-03   nan  1.6e-11  9.5e-13
      24  1.0559  5.779e-04  2.84  1.411e-03  2.72  1.071e-04  3.13  7.347e-04  2.31  1.6e-11  9.6e-13
      32  0.8127  2.781e-04  2.79  6.988e-04  2.68  4.789e-05  3.07  3.981e-04  2.34  1.6e-11  9.5e-13
      48  0.5560  9.845e-05  2.74  2.583e-04  2.62  1.513e-05  3.04  1.689e-04  2.26  1.6e-11  9.5e-13
      64  0.4224  4.710e-05  2.68  1.274e-04  2.57  6.616e-06  3.01  9.306e-05  2.17  1.6e-11  9.5e-13
      96  0.2853  1.670e-05  2.64  4.699e-05  2.54  2.037e-06  3.00  4.080e-05  2.10  1.6e-11  9.5e-13
     128  0.2153  8.025e-06  2.61  2.311e-05  2.52  8.768e-07  3.00  2.288e-05  2.06  1.6e-11  9.5e-13
     192  0.1445  2.867e-06  2.58  8.477e-06  2.51  2.653e-07  3.00  1.016e-05  2.03  1.6e-11  9.4e-13
     256  0.1087  1.385e-06  2.56  4.153e-06  2.51  1.131e-07  3.00  5.721e-06  2.02  1.6e-11  9.4e-13
  D = GS - CNS*
       N       h         H1    rt     energy    rt       slip    rt        bdn    rt
      16  1.5052  6.122e-02   nan  2.041e-01   nan  2.217e-02   nan  5.926e-02   nan
      24  1.0559  4.459e-02  0.89  1.704e-01  0.51  1.619e-02  0.89  4.581e-02  0.73
      32  0.8127  3.500e-02  0.92  1.490e-01  0.51  1.271e-02  0.92  3.702e-02  0.81
      48  0.5560  2.443e-02  0.95  1.230e-01  0.51  8.867e-03  0.95  2.652e-02  0.88
      64  0.4224  1.875e-02  0.96  1.072e-01  0.50  6.803e-03  0.96  2.058e-02  0.92
      96  0.2853  1.279e-02  0.97  8.812e-02  0.50  4.639e-03  0.98  1.417e-02  0.95
     128  0.2153  9.700e-03  0.98  7.661e-02  0.50  3.519e-03  0.98  1.079e-02  0.97
     192  0.1445  6.540e-03  0.99  6.282e-02  0.50  2.373e-03  0.99  7.304e-03  0.98
     256  0.1087  4.933e-03  0.99  5.453e-02  0.50  1.790e-03  0.99  5.518e-03  0.99

=== mesh=ct k=2 test P1 mu=1000   [mu*(N=8)=19.5, mu*(N=16)=29.7, mu*(N=32)=35.0, mu*(N=64)=38.1, mu*(N=128)=39.8]
  GS
       N       h         H1    rt     energy    rt       slip    rt        bdn    rt  H1*mu/hG slip*mu/hG en*(mu/h)^.5/G   divres   relres
      16  1.5052  6.810e-03   nan  6.296e-02   nan  2.414e-03   nan  5.475e-03   nan    2.7288     0.9674         0.9788  1.6e-11  9.5e-13
      24  1.0559  4.772e-03  1.00  5.334e-02  0.47  1.720e-03  0.96  4.303e-03  0.68    2.7257     0.9826         0.9900  1.6e-11  9.6e-13
      32  0.8127  3.679e-03  0.99  4.698e-02  0.48  1.332e-03  0.98  3.503e-03  0.79    2.7309     0.9887         0.9940  1.6e-11  9.5e-13
      48  0.5560  2.525e-03  0.99  3.897e-02  0.49  9.160e-04  0.99  2.533e-03  0.85    2.7394     0.9936         0.9969  1.6e-11  9.5e-13
      64  0.4224  1.922e-03  0.99  3.401e-02  0.50  6.974e-04  0.99  1.978e-03  0.90    2.7443     0.9957         0.9980  1.6e-11  9.5e-13
      96  0.2853  1.300e-03  1.00  2.797e-02  0.50  4.718e-04  1.00  1.373e-03  0.93    2.7491     0.9974         0.9989  1.6e-11  9.5e-13
     128  0.2153  9.823e-04  1.00  2.431e-02  0.50  3.564e-04  1.00  1.051e-03  0.95    2.7513     0.9982         0.9992  1.6e-11  9.5e-13
  CNS*
       N       h         H1    rt     energy    rt       slip    rt        bdn    rt   divres   relres
      16  1.5052  2.949e-04   nan  9.657e-04   nan  2.966e-05   nan  4.164e-04   nan  1.6e-11  9.5e-13
      24  1.0559  1.152e-04  2.65  3.777e-04  2.65  9.555e-06  3.20  2.017e-04  2.05  1.6e-11  9.6e-13
      32  0.8127  5.722e-05  2.67  1.883e-04  2.66  4.173e-06  3.16  1.151e-04  2.14  1.6e-11  9.5e-13
      48  0.5560  2.081e-05  2.67  6.886e-05  2.65  1.270e-06  3.14  5.035e-05  2.18  1.6e-11  9.5e-13
      64  0.4224  1.006e-05  2.65  3.343e-05  2.63  5.405e-07  3.11  2.775e-05  2.17  1.6e-11  9.5e-13
      96  0.2853  3.591e-06  2.62  1.204e-05  2.60  1.610e-07  3.08  1.199e-05  2.14  1.6e-11  9.5e-13
     128  0.2153  1.730e-06  2.60  5.830e-06  2.58  6.803e-08  3.06  6.642e-06  2.10  1.6e-11  9.5e-13
  D = GS - CNS*
       N       h         H1    rt     energy    rt       slip    rt        bdn    rt
      16  1.5052  6.812e-03   nan  6.307e-02   nan  2.418e-03   nan  5.531e-03   nan
      24  1.0559  4.773e-03  1.00  5.338e-02  0.47  1.721e-03  0.96  4.341e-03  0.68
      32  0.8127  3.680e-03  0.99  4.700e-02  0.49  1.333e-03  0.98  3.528e-03  0.79
      48  0.5560  2.526e-03  0.99  3.898e-02  0.49  9.161e-04  0.99  2.546e-03  0.86
      64  0.4224  1.922e-03  0.99  3.401e-02  0.50  6.974e-04  0.99  1.986e-03  0.90
      96  0.2853  1.300e-03  1.00  2.797e-02  0.50  4.718e-04  1.00  1.377e-03  0.93
     128  0.2153  9.824e-04  1.00  2.431e-02  0.50  3.564e-04  1.00  1.053e-03  0.95

=== mesh=ct k=3 test A mu=1000   [mu*(N=16)=103.5, mu*(N=32)=112.6, mu*(N=64)=117.7]
  GS
       N       h         H1    rt     energy    rt       slip    rt        bdn    rt   divres   relres
      16  1.5052  2.644e-01   nan  2.571e+00   nan  8.170e-02   nan  1.183e+00   nan  4.6e-13  8.0e-16
      24  1.0559  1.404e-01  1.78  1.383e+00  1.75  3.691e-02  2.24  7.547e-01  1.27  2.9e-13  9.7e-16
      32  0.8127  8.978e-02  1.71  8.891e-01  1.69  2.088e-02  2.18  5.503e-01  1.21  2.8e-13  1.1e-15
      48  0.5560  4.796e-02  1.65  4.780e-01  1.64  9.314e-03  2.13  3.552e-01  1.15  3.8e-13  1.4e-15
      64  0.4224  3.082e-02  1.61  3.082e-01  1.60  5.246e-03  2.09  2.616e-01  1.11  4.7e-13  1.6e-15
      96  0.2853  1.658e-02  1.58  1.665e-01  1.57  2.333e-03  2.06  1.711e-01  1.08  7.3e-13  2.0e-15
     128  0.2153  1.070e-02  1.56  1.077e-01  1.55  1.313e-03  2.04  1.271e-01  1.06  9.5e-13  2.3e-15
  CNS*
       N       h         H1    rt     energy    rt       slip    rt        bdn    rt   divres   relres
      16  1.5052  2.745e-01   nan  2.597e+00   nan  8.144e-02   nan  1.226e+00   nan  5.1e-13  7.6e-16
      24  1.0559  1.460e-01  1.78  1.396e+00  1.75  3.683e-02  2.24  7.808e-01  1.27  3.2e-13  9.7e-16
      32  0.8127  9.339e-02  1.71  8.979e-01  1.69  2.084e-02  2.17  5.691e-01  1.21  2.9e-13  1.1e-15
      48  0.5560  4.994e-02  1.65  4.827e-01  1.64  9.301e-03  2.13  3.671e-01  1.16  3.7e-13  1.4e-15
      64  0.4224  3.210e-02  1.61  3.113e-01  1.60  5.240e-03  2.09  2.703e-01  1.11  4.8e-13  1.6e-15
      96  0.2853  1.728e-02  1.58  1.681e-01  1.57  2.331e-03  2.06  1.767e-01  1.08  7.2e-13  2.0e-15
     128  0.2153  1.116e-02  1.56  1.087e-01  1.55  1.312e-03  2.04  1.312e-01  1.06  9.7e-13  2.3e-15
  D = GS - CNS*
       N       h         H1    rt     energy    rt       slip    rt        bdn    rt
      16  1.5052  2.143e-02   nan  1.010e-01   nan  2.766e-03   nan  5.567e-02   nan
      24  1.0559  1.151e-02  1.75  5.463e-02  1.73  1.275e-03  2.19  3.526e-02  1.29
      32  0.8127  7.426e-03  1.67  3.533e-02  1.66  7.306e-04  2.12  2.569e-02  1.21
      48  0.5560  4.015e-03  1.62  1.914e-02  1.62  3.312e-04  2.08  1.658e-02  1.15
      64  0.4224  2.599e-03  1.58  1.239e-02  1.58  1.881e-04  2.06  1.222e-02  1.11
      96  0.2853  1.409e-03  1.56  6.723e-03  1.56  8.442e-05  2.04  7.995e-03  1.08
     128  0.2153  9.137e-04  1.54  4.359e-03  1.54  4.771e-05  2.03  5.937e-03  1.06

=== mesh=ct k=3 test B1 mu=100   [mu*(N=16)=103.5, mu*(N=32)=112.6, mu*(N=64)=117.7]   <<< mu BELOW coercivity threshold: results not covered by the theory
  GS
       N       h         H1    rt     energy    rt       slip    rt        bdn    rt   divres   relres
      16  1.5052  2.240e+00   nan  2.590e+00   nan  3.064e-02   nan  1.039e+00   nan  1.8e-11  8.7e-16
      24  1.0559  8.388e-01  2.77  1.608e+00  1.34  2.674e-02  0.38  1.311e+00 -0.66  1.6e-11  6.9e-16
      32  0.8127  3.874e-01  2.95  5.598e-01  4.03  1.379e-02  2.53  4.149e-01  4.39  1.6e-11  7.2e-16
      48  0.5560  1.454e-01  2.58  7.771e-01 -0.86  1.032e-02  0.77  1.007e+00 -2.34  1.7e-11  9.5e-16
      64  0.4224  6.343e-02  3.02  3.189e-01  3.24  7.198e-03  1.31  4.496e-01  2.93  1.7e-11  9.9e-16
      96  0.2853  2.248e-02  2.64  1.308e-01  2.27  4.725e-03  1.07  1.755e-01  2.40  1.8e-11  1.3e-15
  CNS*
       N       h         H1    rt     energy    rt       slip    rt        bdn    rt   divres   relres
      16  1.5052  2.353e+00   nan  4.489e+00   nan  1.768e-01   nan  2.886e+00   nan  1.8e-11  8.6e-16
      24  1.0559  8.342e-01  2.93  1.049e+00  4.10  2.299e-02  5.75  5.801e-01  4.53  1.6e-11  6.9e-16
      32  0.8127  4.245e-01  2.58  9.632e-01  0.33  2.807e-02 -0.76  8.947e-01 -1.65  1.6e-11  7.9e-16
      48  0.5560  2.480e-01  1.42  1.093e+00 -0.33  2.836e-02 -0.03  1.334e+00 -1.05  1.7e-11  9.1e-16
      64  0.4224  1.142e-01  2.82  3.266e-01  4.40  1.388e-02  2.60  3.372e-01  5.01  1.7e-11  9.9e-16
      96  0.2853  5.159e-02  2.02  2.187e-01  1.02  3.895e-03  3.24  3.738e-01 -0.26  1.8e-11  1.3e-15
  D = GS - CNS*
       N       h         H1    rt     energy    rt       slip    rt        bdn    rt  H1*mu/hG slip*mu/hG en*(mu/h)^.5/G
      16  1.5052  8.011e-01   nan  4.865e+00   nan  1.769e-01   nan  3.731e+00   nan   32.0998     7.0896        23.9175
      24  1.0559  1.471e-01  4.78  1.102e+00  4.19  2.727e-02  5.27  1.031e+00  3.63    8.4009     1.5579         6.4659
      32  0.8127  1.886e-01 -0.95  1.001e+00  0.36  3.061e-02 -0.44  1.024e+00  0.03   14.0010     2.2718         6.6995
      48  0.5560  2.351e-01 -0.58  1.444e+00 -0.96  2.989e-02  0.06  1.834e+00 -1.54   25.5044     3.2420        11.6813
      64  0.4224  1.048e-01  2.94  4.054e-01  4.62  1.562e-02  2.36  4.759e-01  4.91   14.9582     2.2296         3.7625
      96  0.2853  5.019e-02  1.87  2.283e-01  1.46  6.045e-03  2.42  3.591e-01  0.72   10.6111     1.2781         2.5777

=== mesh=ct k=3 test B1 mu=1000   [mu*(N=16)=103.5, mu*(N=32)=112.6, mu*(N=64)=117.7]
  GS
       N       h         H1    rt     energy    rt       slip    rt        bdn    rt   divres   relres
      16  1.5052  2.237e+00   nan  2.346e+00   nan  2.357e-02   nan  2.953e-01   nan  1.8e-11  9.3e-16
      24  1.0559  8.280e-01  2.80  9.239e-01  2.63  1.122e-02  2.10  2.152e-01  0.89  1.6e-11  7.1e-16
      32  0.8127  3.849e-01  2.93  4.718e-01  2.57  6.509e-03  2.08  1.657e-01  1.00  1.6e-11  7.3e-16
      48  0.5560  1.239e-01  2.99  1.961e-01  2.31  3.019e-03  2.02  1.100e-01  1.08  1.7e-11  9.1e-16
      64  0.4224  5.433e-02  3.00  1.148e-01  1.95  1.770e-03  1.94  8.142e-02  1.09  1.7e-11  9.9e-16
      96  0.2853  1.701e-02  2.96  6.103e-02  1.61  8.656e-04  1.82  5.325e-02  1.08  1.8e-11  1.3e-15
     128  0.2153  7.675e-03  2.83  4.195e-02  1.33  5.423e-04  1.66  3.947e-02  1.06  2.0e-11  1.5e-15
  CNS*
       N       h         H1    rt     energy    rt       slip    rt        bdn    rt   divres   relres
      16  1.5052  2.237e+00   nan  2.348e+00   nan  2.341e-02   nan  3.088e-01   nan  1.8e-11  8.7e-16
      24  1.0559  8.280e-01  2.80  9.245e-01  2.63  1.106e-02  2.12  2.245e-01  0.90  1.6e-11  7.0e-16
      32  0.8127  3.850e-01  2.92  4.714e-01  2.57  6.357e-03  2.11  1.727e-01  1.00  1.6e-11  7.8e-16
      48  0.5560  1.240e-01  2.98  1.937e-01  2.34  2.871e-03  2.09  1.146e-01  1.08  1.7e-11  8.5e-16
      64  0.4224  5.440e-02  3.00  1.107e-01  2.04  1.624e-03  2.07  8.487e-02  1.09  1.7e-11  9.8e-16
      96  0.2853  1.706e-02  2.95  5.487e-02  1.79  7.248e-04  2.06  5.550e-02  1.08  1.8e-11  1.3e-15
     128  0.2153  7.705e-03  2.83  3.461e-02  1.64  4.083e-04  2.04  4.114e-02  1.06  2.0e-11  1.5e-15
  D = GS - CNS*
       N       h         H1    rt     energy    rt       slip    rt        bdn    rt  H1*mu/hG slip*mu/hG en*(mu/h)^.5/G
      16  1.5052  9.484e-03   nan  6.957e-02   nan  2.498e-03   nan  2.004e-02   nan    3.8004     1.0009         1.0815
      24  1.0559  5.780e-03  1.40  5.642e-02  0.59  1.772e-03  0.97  1.290e-02  1.24    3.3016     1.0121         1.0471
      32  0.8127  4.301e-03  1.13  4.899e-02  0.54  1.368e-03  0.99  9.886e-03  1.02    3.1920     1.0152         1.0366
      48  0.5560  2.822e-03  1.11  3.993e-02  0.54  9.318e-04  1.01  6.690e-03  1.03    3.0610     1.0109         1.0214
      64  0.4224  2.093e-03  1.09  3.456e-02  0.53  7.057e-04  1.01  5.035e-03  1.03    2.9877     1.0076         1.0141
      96  0.2853  1.377e-03  1.07  2.822e-02  0.52  4.751e-04  1.01  3.360e-03  1.03    2.9114     1.0045         1.0077
     128  0.2153  1.026e-03  1.05  2.445e-02  0.51  3.581e-04  1.00  2.519e-03  1.02    2.8727     1.0031         1.0051

=== mesh=ct k=3 test P1 mu=100   [mu*(N=16)=103.5, mu*(N=32)=112.6, mu*(N=64)=117.7]   <<< mu BELOW coercivity threshold: results not covered by the theory
  GS
       N       h         H1    rt     energy    rt       slip    rt        bdn    rt  H1*mu/hG slip*mu/hG en*(mu/h)^.5/G   divres   relres
      16  1.5052  6.619e-02   nan  3.339e-01   nan  2.247e-02   nan  2.211e-01   nan    2.6521     0.9005         1.6417  1.6e-11  1.4e-12
      24  1.0559  6.435e-02  0.08  5.040e-01 -1.16  1.696e-02  0.79  4.592e-01 -2.06    3.6756     0.9685         2.9581  1.6e-11  1.5e-12
      32  0.8127  3.669e-02  2.15  1.867e-01  3.79  1.275e-02  1.09  1.288e-01  4.85    2.7233     0.9466         1.2489  1.6e-11  1.5e-12
      48  0.5560  2.973e-02  0.55  2.135e-01 -0.35  8.959e-03  0.93  2.333e-01 -1.57    3.2250     0.9719         1.7268  1.6e-11  1.5e-12
      64  0.4224  2.092e-02  1.28  1.436e-01  1.44  6.831e-03  0.99  1.470e-01  1.68    2.9875     0.9754         1.3323  1.6e-11  1.4e-12
      96  0.2853  1.322e-02  1.17  9.442e-02  1.07  4.643e-03  0.98  6.440e-02  2.10    2.7942     0.9817         1.0662  1.6e-11  1.4e-12
  CNS*
       N       h         H1    rt     energy    rt       slip    rt        bdn    rt   divres   relres
      16  1.5052  5.898e-04   nan  2.386e-03   nan  1.305e-04   nan  1.673e-03   nan  1.6e-11  1.4e-12
      24  1.0559  1.371e-04  4.12  4.367e-04  4.79  2.464e-05  4.70  3.291e-04  4.59  1.6e-11  1.5e-12
      32  0.8127  6.476e-05  2.86  2.973e-04  1.47  1.000e-05  3.44  2.974e-04  0.39  1.6e-11  1.5e-12
      48  0.5560  3.024e-05  2.01  1.536e-04  1.74  4.110e-06  2.34  1.879e-04  1.21  1.6e-11  1.5e-12
      64  0.4224  8.385e-06  4.67  2.659e-05  6.38  1.219e-06  4.43  2.599e-05  7.20  1.6e-11  1.4e-12
      96  0.2853  2.828e-06  2.77  1.028e-05  2.42  2.742e-07  3.80  1.582e-05  1.26  1.6e-11  1.4e-12
  D = GS - CNS*
       N       h         H1    rt     energy    rt       slip    rt        bdn    rt
      16  1.5052  6.618e-02   nan  3.336e-01   nan  2.248e-02   nan  2.207e-01   nan
      24  1.0559  6.436e-02  0.08  5.041e-01 -1.16  1.695e-02  0.80  4.593e-01 -2.07
      32  0.8127  3.670e-02  2.15  1.867e-01  3.79  1.275e-02  1.09  1.289e-01  4.85
      48  0.5560  2.973e-02  0.55  2.135e-01 -0.35  8.959e-03  0.93  2.333e-01 -1.56
      64  0.4224  2.092e-02  1.28  1.436e-01  1.44  6.832e-03  0.99  1.470e-01  1.68
      96  0.2853  1.322e-02  1.17  9.442e-02  1.07  4.643e-03  0.98  6.441e-02  2.10

=== mesh=ct k=3 test P1 mu=1000   [mu*(N=16)=103.5, mu*(N=32)=112.6, mu*(N=64)=117.7]
  GS
       N       h         H1    rt     energy    rt       slip    rt        bdn    rt  H1*mu/hG slip*mu/hG en*(mu/h)^.5/G   divres   relres
      16  1.5052  6.875e-03   nan  6.417e-02   nan  2.423e-03   nan  1.062e-02   nan    2.7547     0.9710         0.9977  1.6e-11  1.4e-12
      24  1.0559  4.846e-03  0.99  5.384e-02  0.50  1.723e-03  0.96  7.751e-03  0.89    2.7682     0.9843         0.9994  1.6e-11  1.5e-12
      32  0.8127  3.733e-03  1.00  4.724e-02  0.50  1.333e-03  0.98  6.051e-03  0.95    2.7707     0.9896         0.9995  1.6e-11  1.5e-12
      48  0.5560  2.553e-03  1.00  3.907e-02  0.50  9.164e-04  0.99  4.184e-03  0.97    2.7697     0.9941         0.9994  1.6e-11  1.5e-12
      64  0.4224  1.939e-03  1.00  3.406e-02  0.50  6.975e-04  0.99  3.191e-03  0.99    2.7679     0.9959         0.9994  1.6e-11  1.4e-12
      96  0.2853  1.308e-03  1.00  2.799e-02  0.50  4.718e-04  1.00  2.161e-03  0.99    2.7650     0.9976         0.9995  1.6e-11  1.4e-12
     128  0.2153  9.866e-04  1.00  2.432e-02  0.50  3.564e-04  1.00  1.633e-03  1.00    2.7633     0.9983         0.9996  1.6e-11  1.4e-12
  CNS*
       N       h         H1    rt     energy    rt       slip    rt        bdn    rt   divres   relres
      16  1.5052  7.219e-06   nan  3.114e-05   nan  9.531e-07   nan  1.445e-05   nan  1.6e-11  1.4e-12
      24  1.0559  1.525e-06  4.39  7.112e-06  4.17  1.950e-07  4.48  3.408e-06  4.07  1.6e-11  1.5e-12
      32  0.8127  5.500e-07  3.90  2.627e-06  3.80  6.359e-08  4.28  1.413e-06  3.36  1.6e-11  1.5e-12
      48  0.5560  1.359e-07  3.68  6.565e-07  3.65  1.303e-08  4.18  4.394e-07  3.08  1.6e-11  1.5e-12
      64  0.4224  5.068e-08  3.59  2.453e-07  3.58  4.206e-09  4.11  1.928e-07  3.00  1.6e-11  1.4e-12
      96  0.2853  1.258e-08  3.55  6.087e-08  3.55  8.491e-10  4.08  5.977e-08  2.98  1.6e-11  1.4e-12
     128  0.2153  4.663e-09  3.53  2.254e-08  3.53  2.717e-10  4.05  2.582e-08  2.98  1.6e-11  1.4e-12
  D = GS - CNS*
       N       h         H1    rt     energy    rt       slip    rt        bdn    rt
      16  1.5052  6.874e-03   nan  6.417e-02   nan  2.423e-03   nan  1.063e-02   nan
      24  1.0559  4.846e-03  0.99  5.384e-02  0.50  1.723e-03  0.96  7.752e-03  0.89
      32  0.8127  3.733e-03  1.00  4.724e-02  0.50  1.333e-03  0.98  6.051e-03  0.95
      48  0.5560  2.553e-03  1.00  3.907e-02  0.50  9.164e-04  0.99  4.184e-03  0.97
      64  0.4224  1.939e-03  1.00  3.406e-02  0.50  6.975e-04  0.99  3.191e-03  0.99
      96  0.2853  1.308e-03  1.00  2.799e-02  0.50  4.718e-04  1.00  2.161e-03  0.99
     128  0.2153  9.866e-04  1.00  2.432e-02  0.50  3.564e-04  1.00  1.633e-03  1.00

=== Coercivity threshold mu* on Z_h (sign of pivots of A_mu + r B^T M^-1 B, r = 1e6), L = 2.5, layers = N/4
    (k = 4 std reference from results/pod: N=16 59.27, N=32 66.02, N=64 70.72; gamma* ~ 18-21)
     ct k=2 N=  8 ntri=    96 rho= 3.410 mu*=   19.509 gamma*=mu*/rho=   5.721
     ct k=2 N= 16 ntri=   384 rho= 3.276 mu*=   29.701 gamma*=mu*/rho=   9.067
     ct k=2 N= 32 ntri=  1536 rho= 3.326 mu*=   34.988 gamma*=mu*/rho=  10.521
     ct k=2 N= 64 ntri=  6144 rho= 3.399 mu*=   38.097 gamma*=mu*/rho=  11.208
     ct k=2 N=128 ntri= 24576 rho= 3.451 mu*=   39.811 gamma*=mu*/rho=  11.537
     ct k=3 N= 16 ntri=   384 rho= 3.276 mu*=  103.505 gamma*=mu*/rho=  31.598
     ct k=3 N= 32 ntri=  1536 rho= 3.326 mu*=  112.602 gamma*=mu*/rho=  33.860
     ct k=3 N= 64 ntri=  6144 rho= 3.399 mu*=  117.698 gamma*=mu*/rho=  34.626
     ct k=4 N= 16 ntri=   384 rho= 3.276 mu*=  202.811 gamma*=mu*/rho=  61.914
     ct k=4 N= 32 ntri=  1536 rho= 3.326 mu*=  217.804 gamma*=mu*/rho=  65.494
    std k=5 N=  8 ntri=    32 rho= 3.410 mu*=   87.572 gamma*=mu*/rho=  25.679
    std k=5 N= 16 ntri=   128 rho= 3.276 mu*=   99.188 gamma*=mu*/rho=  30.280
    std k=5 N= 32 ntri=   512 rho= 3.326 mu*=  106.671 gamma*=mu*/rho=  32.076
    std k=5 N= 64 ntri=  2048 rho= 3.399 mu*=  112.305 gamma*=mu*/rho=  33.040
    std k=6 N= 16 ntri=   128 rho= 3.276 mu*=  148.168 gamma*=mu*/rho=  45.232
    std k=6 N= 32 ntri=   512 rho= 3.326 mu*=  157.522 gamma*=mu*/rho=  47.367
    std k=6 N= 64 ntri=  2048 rho= 3.399 mu*=  164.133 gamma*=mu*/rho=  48.287
