PPL 115 numerics — Scott–Vogelius P4, Nitsche on inscribed polygon, strong Dirichlet on square
GS = Gjerde–Scott (27)-(28) as printed; CNS = pressure-consistent <p - pbar_Gamma(p), v.n>;
D = u_GS - u_CNS isolates the response to the missing -p n traction.  h = h_Omega (penalty h).
Theory: GS/D:  ||grad D|| ~ c1 h/mu G,  slip ~ c2 h/mu G,  energy ~ c3 (h/mu)^(1/2) G   (G = ||p - pbar||_Gamma)
        CNS:   rate 3/2 in H1 (gamma^(1/2) h_Gamma^(3/2) + h^4), independent of pressure amplitude

solver health: 222 records; 0 with relres>1e-8 or divres>1e-6

=== test A  mu=100   G = 0.000
  GS (printed)
       N       h         H1    rt     energy    rt       slip    rt        bdn    rt
      16  1.5052  1.717e-01   nan  1.029e+00   nan  8.114e-02   nan  6.270e-01   nan
      24  1.0559  8.875e-02  1.86  5.594e-01  1.72  3.663e-02  2.24  4.105e-01  1.19
      32  0.8127  5.548e-02  1.79  3.594e-01  1.69  2.068e-02  2.18  3.007e-01  1.19
      48  0.5560  2.876e-02  1.73  1.919e-01  1.65  9.195e-03  2.14  1.935e-01  1.16
      64  0.4224  1.815e-02  1.68  1.232e-01  1.61  5.166e-03  2.10  1.421e-01  1.12
      96  0.2853  9.569e-03  1.63  6.621e-02  1.58  2.291e-03  2.07  9.270e-02  1.09
     128  0.2153  6.111e-03  1.59  4.273e-02  1.56  1.287e-03  2.05  6.880e-02  1.06
     192  0.1445  3.268e-03  1.57  2.312e-02  1.54  5.712e-04  2.04  4.541e-02  1.04
     256  0.1087  2.103e-03  1.55  1.497e-02  1.53  3.211e-04  2.03  3.389e-02  1.03
  CNS (consistent)
       N       h         H1    rt     energy    rt       slip    rt        bdn    rt
      16  1.5052  1.980e-01   nan  9.607e-01   nan  7.654e-02   nan  5.732e-01   nan
      24  1.0559  1.028e-01  1.85  5.218e-01  1.72  3.487e-02  2.22  3.726e-01  1.21
      32  0.8127  6.414e-02  1.80  3.358e-01  1.68  1.979e-02  2.16  2.727e-01  1.19
      48  0.5560  3.311e-02  1.74  1.802e-01  1.64  8.862e-03  2.12  1.762e-01  1.15
      64  0.4224  2.082e-02  1.69  1.161e-01  1.60  4.999e-03  2.08  1.299e-01  1.11
      96  0.2853  1.093e-02  1.64  6.265e-02  1.57  2.227e-03  2.06  8.512e-02  1.08
     128  0.2153  6.962e-03  1.60  4.052e-02  1.55  1.254e-03  2.04  6.330e-02  1.05
     192  0.1445  3.711e-03  1.58  2.196e-02  1.53  5.579e-04  2.03  4.186e-02  1.04
     256  0.1087  2.385e-03  1.56  1.424e-02  1.52  3.140e-04  2.02  3.127e-02  1.03
  D = GS - CNS
       N       h         H1    rt     energy    rt       slip    rt        bdn    rt
      16  1.5052  1.063e-01   nan  2.514e-01   nan  2.020e-02   nan  1.283e-01   nan
      24  1.0559  5.676e-02  1.77  1.304e-01  1.85  9.034e-03  2.27  7.577e-02  1.49
      32  0.8127  3.581e-02  1.76  8.172e-02  1.79  5.028e-03  2.24  5.302e-02  1.36
      48  0.5560  1.862e-02  1.72  4.208e-02  1.75  2.190e-03  2.19  3.178e-02  1.35
      64  0.4224  1.173e-02  1.68  2.634e-02  1.70  1.214e-03  2.15  2.216e-02  1.31
      96  0.2853  6.165e-03  1.64  1.376e-02  1.66  5.302e-04  2.11  1.359e-02  1.24
     128  0.2153  3.927e-03  1.60  8.744e-03  1.61  2.952e-04  2.08  9.769e-03  1.17
     192  0.1445  2.094e-03  1.58  4.657e-03  1.58  1.298e-04  2.06  6.252e-03  1.12
     256  0.1087  1.346e-03  1.55  2.993e-03  1.55  7.259e-05  2.04  4.600e-03  1.08

=== test A  mu=1000   G = 0.000
  GS (printed)
       N       h         H1    rt     energy    rt       slip    rt        bdn    rt
      16  1.5052  2.755e-01   nan  2.474e+00   nan  8.101e-02   nan  1.057e+00   nan
      24  1.0559  1.461e-01  1.79  1.322e+00  1.77  3.656e-02  2.24  6.609e-01  1.33
      32  0.8127  9.274e-02  1.74  8.464e-01  1.70  2.066e-02  2.18  4.739e-01  1.27
      48  0.5560  4.890e-02  1.69  4.530e-01  1.65  9.211e-03  2.13  3.006e-01  1.20
      64  0.4224  3.115e-02  1.64  2.917e-01  1.60  5.186e-03  2.09  2.201e-01  1.13
      96  0.2853  1.659e-02  1.60  1.575e-01  1.57  2.306e-03  2.06  1.437e-01  1.09
     128  0.2153  1.065e-02  1.58  1.019e-01  1.55  1.298e-03  2.05  1.068e-01  1.06
     192  0.1445  5.728e-03  1.55  5.527e-02  1.53  5.767e-04  2.03  7.060e-02  1.04
  CNS (consistent)
       N       h         H1    rt     energy    rt       slip    rt        bdn    rt
      16  1.5052  2.960e-01   nan  2.491e+00   nan  8.074e-02   nan  1.089e+00   nan
      24  1.0559  1.571e-01  1.79  1.331e+00  1.77  3.649e-02  2.24  6.788e-01  1.33
      32  0.8127  9.973e-02  1.74  8.516e-01  1.71  2.063e-02  2.18  4.852e-01  1.28
      48  0.5560  5.252e-02  1.69  4.554e-01  1.65  9.203e-03  2.13  3.067e-01  1.21
      64  0.4224  3.342e-02  1.65  2.932e-01  1.60  5.182e-03  2.09  2.244e-01  1.14
      96  0.2853  1.777e-02  1.61  1.583e-01  1.57  2.305e-03  2.06  1.463e-01  1.09
     128  0.2153  1.140e-02  1.58  1.024e-01  1.55  1.297e-03  2.04  1.087e-01  1.06
     192  0.1445  6.122e-03  1.56  5.553e-02  1.53  5.766e-04  2.03  7.182e-02  1.04
  D = GS - CNS
       N       h         H1    rt     energy    rt       slip    rt        bdn    rt
      16  1.5052  5.133e-02   nan  2.129e-01   nan  7.386e-03   nan  6.545e-02   nan
      24  1.0559  2.600e-02  1.92  1.127e-01  1.79  3.369e-03  2.21  3.482e-02  1.78
      32  0.8127  1.580e-02  1.90  6.934e-02  1.86  1.841e-03  2.31  2.180e-02  1.79
      48  0.5560  7.844e-03  1.84  3.461e-02  1.83  7.660e-04  2.31  1.205e-02  1.56
      64  0.4224  4.820e-03  1.77  2.125e-02  1.77  4.106e-04  2.27  8.334e-03  1.34
      96  0.2853  2.469e-03  1.70  1.085e-02  1.71  1.723e-04  2.21  5.182e-03  1.21
     128  0.2153  1.553e-03  1.65  6.809e-03  1.66  9.386e-05  2.16  3.764e-03  1.14
     192  0.1445  8.186e-04  1.61  3.576e-03  1.61  4.034e-05  2.12  2.433e-03  1.09

=== test A  mu=10000   G = 0.000
  GS (printed)
       N       h         H1    rt     energy    rt       slip    rt        bdn    rt
      16  1.5052  3.911e-01   nan  6.913e+00   nan  8.138e-02   nan  1.554e+00   nan
      24  1.0559  2.015e-01  1.87  3.701e+00  1.76  3.678e-02  2.24  8.948e-01  1.56
      32  0.8127  1.253e-01  1.81  2.376e+00  1.69  2.080e-02  2.18  6.114e-01  1.45
      48  0.5560  6.453e-02  1.75  1.277e+00  1.64  9.283e-03  2.13  3.702e-01  1.32
      64  0.4224  4.059e-02  1.69  8.239e-01  1.59  5.229e-03  2.09  2.658e-01  1.21
      96  0.2853  2.135e-02  1.64  4.455e-01  1.57  2.326e-03  2.06  1.707e-01  1.13
     128  0.2153  1.362e-02  1.60  2.884e-01  1.55  1.309e-03  2.04  1.259e-01  1.08
     192  0.1445  7.281e-03  1.57  1.565e-01  1.53  5.820e-04  2.03  8.272e-02  1.05
  CNS (consistent)
       N       h         H1    rt     energy    rt       slip    rt        bdn    rt
      16  1.5052  3.967e-01   nan  6.915e+00   nan  8.133e-02   nan  1.569e+00   nan
      24  1.0559  2.043e-01  1.87  3.701e+00  1.76  3.676e-02  2.24  9.017e-01  1.56
      32  0.8127  1.269e-01  1.82  2.376e+00  1.69  2.080e-02  2.18  6.151e-01  1.46
      48  0.5560  6.522e-02  1.75  1.277e+00  1.64  9.281e-03  2.13  3.718e-01  1.33
      64  0.4224  4.099e-02  1.69  8.239e-01  1.59  5.228e-03  2.09  2.668e-01  1.21
      96  0.2853  2.153e-02  1.64  4.455e-01  1.57  2.326e-03  2.06  1.712e-01  1.13
     128  0.2153  1.373e-02  1.60  2.884e-01  1.55  1.309e-03  2.04  1.263e-01  1.08
     192  0.1445  7.337e-03  1.57  1.565e-01  1.53  5.819e-04  2.03  8.292e-02  1.05
  D = GS - CNS
       N       h         H1    rt     energy    rt       slip    rt        bdn    rt
      16  1.5052  1.347e-02   nan  1.190e-01   nan  1.406e-03   nan  2.392e-02   nan
      24  1.0559  5.552e-03  2.50  5.519e-02  2.17  5.546e-04  2.62  9.813e-03  2.51
      32  0.8127  2.971e-03  2.39  3.163e-02  2.13  2.809e-04  2.60  5.109e-03  2.49
      48  0.5560  1.285e-03  2.21  1.466e-02  2.03  1.082e-04  2.51  2.222e-03  2.19
      64  0.4224  7.379e-04  2.02  8.670e-03  1.91  5.585e-05  2.41  1.365e-03  1.77
      96  0.2853  3.557e-04  1.86  4.265e-03  1.81  2.259e-05  2.31  7.712e-04  1.45
     128  0.2153  2.180e-04  1.74  2.629e-03  1.72  1.210e-05  2.22  5.397e-04  1.27
     192  0.1445  1.123e-04  1.66  1.357e-03  1.66  5.118e-06  2.16  3.382e-04  1.17

=== test B1  mu=100   G = 1.658
  GS (printed)
       N       h         H1    rt     energy    rt       slip    rt        bdn    rt
      16  1.5052  1.342e-01   nan  3.728e-01   nan  3.276e-02   nan  1.817e-01   nan
      24  1.0559  5.592e-02  2.47  2.371e-01  1.28  1.980e-02  1.42  1.230e-01  1.10
      32  0.8127  3.751e-02  1.52  1.828e-01  0.99  1.430e-02  1.24  9.182e-02  1.12
      48  0.5560  2.461e-02  1.11  1.355e-01  0.79  9.346e-03  1.12  6.063e-02  1.09
      64  0.4224  1.869e-02  1.00  1.133e-01  0.65  7.005e-03  1.05  4.530e-02  1.06
      96  0.2853  1.270e-02  0.98  9.033e-02  0.58  4.699e-03  1.02  3.017e-02  1.04
     128  0.2153  9.636e-03  0.98  7.769e-02  0.54  3.544e-03  1.00  2.265e-02  1.02
     192  0.1445  6.505e-03  0.98  6.321e-02  0.52  2.380e-03  1.00  1.513e-02  1.01
     256  0.1087  4.911e-03  0.99  5.472e-02  0.51  1.793e-03  1.00  1.136e-02  1.01
  CNS (consistent)
       N       h         H1    rt     energy    rt       slip    rt        bdn    rt
      16  1.5052  1.288e-01   nan  3.172e-01   nan  2.227e-02   nan  1.842e-01   nan
      24  1.0559  4.422e-02  3.02  1.659e-01  1.83  1.060e-02  2.10  1.189e-01  1.24
      32  0.8127  2.342e-02  2.43  1.061e-01  1.71  6.124e-03  2.09  8.655e-02  1.21
      48  0.5560  1.108e-02  1.97  5.689e-02  1.64  2.784e-03  2.08  5.562e-02  1.17
      64  0.4224  6.834e-03  1.76  3.667e-02  1.60  1.581e-03  2.06  4.089e-02  1.12
      96  0.2853  3.540e-03  1.68  1.981e-02  1.57  7.087e-04  2.04  2.673e-02  1.08
     128  0.2153  2.239e-03  1.63  1.282e-02  1.55  4.002e-04  2.03  1.986e-02  1.06
     192  0.1445  1.185e-03  1.60  6.951e-03  1.53  1.785e-04  2.02  1.312e-02  1.04
     256  0.1087  7.576e-04  1.57  4.506e-03  1.52  1.006e-04  2.02  9.794e-03  1.03
  D = GS - CNS
       N       h         H1    rt     energy    rt       slip    rt        bdn    rt  H1*mu/hG slip*mu/hG en*(mu/h)^.5/G
      16  1.5052  6.624e-02   nan  2.146e-01   nan  2.272e-02   nan  6.999e-02   nan    2.6545     0.9104         1.0550
      24  1.0559  4.657e-02  0.99  1.713e-01  0.64  1.612e-02  0.97  4.927e-02  0.99    2.6600     0.9207         1.0053
      32  0.8127  3.589e-02  0.99  1.479e-01  0.56  1.255e-02  0.95  3.831e-02  0.96    2.6639     0.9317         0.9895
      48  0.5560  2.468e-02  0.99  1.214e-01  0.52  8.739e-03  0.95  2.682e-02  0.94    2.6769     0.9481         0.9823
      64  0.4224  1.883e-02  0.98  1.059e-01  0.50  6.713e-03  0.96  2.076e-02  0.93    2.6891     0.9586         0.9824
      96  0.2853  1.280e-02  0.98  8.725e-02  0.49  4.591e-03  0.97  1.435e-02  0.94    2.7063     0.9707         0.9852
     128  0.2153  9.700e-03  0.99  7.600e-02  0.49  3.490e-03  0.98  1.098e-02  0.95    2.7168     0.9774         0.9877
     192  0.1445  6.537e-03  0.99  6.246e-02  0.49  2.359e-03  0.98  7.473e-03  0.96    2.7287     0.9845         0.9910
     256  0.1087  4.930e-03  0.99  5.428e-02  0.49  1.781e-03  0.99  5.666e-03  0.97    2.7351     0.9882         0.9929

=== test B1  mu=1000   G = 1.658
  GS (printed)
       N       h         H1    rt     energy    rt       slip    rt        bdn    rt
      16  1.5052  1.393e-01   nan  7.321e-01   nan  2.340e-02   nan  3.186e-01   nan
      24  1.0559  5.343e-02  2.70  4.049e-01  1.67  1.112e-02  2.10  2.042e-01  1.25
      32  0.8127  3.060e-02  2.13  2.640e-01  1.63  6.448e-03  2.08  1.472e-01  1.25
      48  0.5560  1.546e-02  1.80  1.455e-01  1.57  2.989e-03  2.03  9.350e-02  1.20
      64  0.4224  9.805e-03  1.66  9.672e-02  1.49  1.753e-03  1.94  6.850e-02  1.13
      96  0.2853  5.248e-03  1.59  5.642e-02  1.37  8.587e-04  1.82  4.473e-02  1.09
     128  0.2153  3.398e-03  1.55  3.997e-02  1.23  5.388e-04  1.66  3.325e-02  1.05
     192  0.1445  1.863e-03  1.51  2.633e-02  1.05  2.993e-04  1.47  2.199e-02  1.04
  CNS (consistent)
       N       h         H1    rt     energy    rt       slip    rt        bdn    rt
      16  1.5052  1.432e-01   nan  7.360e-01   nan  2.319e-02   nan  3.299e-01   nan
      24  1.0559  5.655e-02  2.62  4.052e-01  1.68  1.097e-02  2.11  2.112e-01  1.26
      32  0.8127  3.284e-02  2.08  2.620e-01  1.66  6.301e-03  2.12  1.517e-01  1.26
      48  0.5560  1.666e-02  1.79  1.412e-01  1.63  2.843e-03  2.10  9.594e-02  1.21
      64  0.4224  1.053e-02  1.67  9.113e-02  1.59  1.608e-03  2.08  7.012e-02  1.14
      96  0.2853  5.577e-03  1.62  4.928e-02  1.57  7.171e-04  2.06  4.568e-02  1.09
     128  0.2153  3.570e-03  1.59  3.190e-02  1.55  4.039e-04  2.04  3.392e-02  1.06
     192  0.1445  1.913e-03  1.56  1.731e-02  1.53  1.796e-04  2.03  2.241e-02  1.04
  D = GS - CNS
       N       h         H1    rt     energy    rt       slip    rt        bdn    rt  H1*mu/hG slip*mu/hG en*(mu/h)^.5/G
      16  1.5052  1.592e-02   nan  8.165e-02   nan  2.914e-03   nan  2.268e-02   nan    6.3774     1.1675         1.2694
      24  1.0559  8.913e-03  1.64  5.831e-02  0.95  1.820e-03  1.33  1.322e-02  1.52    5.0910     1.0394         1.0823
      32  0.8127  5.915e-03  1.57  4.804e-02  0.74  1.340e-03  1.17  8.831e-03  1.54    4.3901     0.9945         1.0164
      48  0.5560  3.429e-03  1.44  3.848e-02  0.58  8.990e-04  1.05  5.251e-03  1.37    3.7199     0.9753         0.9843
      64  0.4224  2.395e-03  1.31  3.342e-02  0.51  6.833e-04  1.00  3.767e-03  1.21    3.4202     0.9756         0.9808
      96  0.2853  1.493e-03  1.20  2.755e-02  0.49  4.641e-04  0.99  2.429e-03  1.12    3.1566     0.9811         0.9836
     128  0.2153  1.086e-03  1.13  2.401e-02  0.49  3.518e-04  0.99  1.798e-03  1.07    3.0404     0.9852         0.9868
     192  0.1445  7.032e-04  1.09  1.975e-02  0.49  2.371e-04  0.99  1.186e-03  1.04    2.9351     0.9899         0.9908

=== test B1  mu=10000   G = 1.658
  GS (printed)
       N       h         H1    rt     energy    rt       slip    rt        bdn    rt
      16  1.5052  1.621e-01   nan  1.995e+00   nan  2.336e-02   nan  4.684e-01   nan
      24  1.0559  6.837e-02  2.43  1.114e+00  1.64  1.104e-02  2.11  2.781e-01  1.47
      32  0.8127  4.028e-02  2.02  7.261e-01  1.63  6.348e-03  2.11  1.912e-01  1.43
      48  0.5560  2.028e-02  1.81  3.946e-01  1.61  2.867e-03  2.09  1.158e-01  1.32
      64  0.4224  1.271e-02  1.70  2.557e-01  1.58  1.622e-03  2.07  8.302e-02  1.21
      96  0.2853  6.666e-03  1.64  1.388e-01  1.56  7.248e-04  2.05  5.324e-02  1.13
     128  0.2153  4.247e-03  1.60  9.009e-02  1.54  4.089e-04  2.03  3.926e-02  1.08
     192  0.1445  2.266e-03  1.57  4.914e-02  1.52  1.828e-04  2.02  2.578e-02  1.05
  CNS (consistent)
       N       h         H1    rt     energy    rt       slip    rt        bdn    rt
      16  1.5052  1.633e-01   nan  1.995e+00   nan  2.334e-02   nan  4.725e-01   nan
      24  1.0559  6.917e-02  2.42  1.114e+00  1.64  1.104e-02  2.11  2.803e-01  1.47
      32  0.8127  4.078e-02  2.02  7.260e-01  1.63  6.345e-03  2.11  1.924e-01  1.44
      48  0.5560  2.052e-02  1.81  3.944e-01  1.61  2.865e-03  2.09  1.163e-01  1.33
      64  0.4224  1.285e-02  1.70  2.555e-01  1.58  1.621e-03  2.07  8.335e-02  1.21
      96  0.2853  6.733e-03  1.65  1.385e-01  1.56  7.232e-04  2.06  5.341e-02  1.13
     128  0.2153  4.288e-03  1.60  8.977e-02  1.54  4.074e-04  2.04  3.938e-02  1.08
     192  0.1445  2.287e-03  1.58  4.873e-02  1.53  1.812e-04  2.03  2.585e-02  1.05
  D = GS - CNS
       N       h         H1    rt     energy    rt       slip    rt        bdn    rt  H1*mu/hG slip*mu/hG en*(mu/h)^.5/G
      16  1.5052  4.158e-03   nan  3.836e-02   nan  4.534e-04   nan  7.664e-03   nan   16.6594     1.8169         1.8859
      24  1.0559  1.767e-03  2.41  2.182e-02  1.59  2.207e-04  2.03  3.314e-03  2.36   10.0913     1.2609         1.2808
      32  0.8127  9.848e-04  2.23  1.621e-02  1.13  1.451e-04  1.60  1.806e-03  2.32    7.3091     1.0771         1.0846
      48  0.5560  4.688e-04  1.96  1.224e-02  0.74  9.110e-05  1.23  8.365e-04  2.03    5.0861     0.9882         0.9902
      64  0.4224  2.970e-04  1.66  1.052e-02  0.55  6.833e-05  1.05  5.330e-04  1.64    4.2405     0.9756         0.9766
      96  0.2853  1.695e-04  1.43  8.658e-03  0.50  4.623e-05  1.00  3.133e-04  1.35    3.5843     0.9773         0.9777
     128  0.2153  1.187e-04  1.27  7.554e-03  0.49  3.505e-05  0.98  2.243e-04  1.19    3.3232     0.9816         0.9818
     192  0.1445  7.431e-05  1.17  6.222e-03  0.49  2.365e-05  0.99  1.442e-04  1.11    3.1018     0.9872         0.9873

=== test B100  mu=100   G = 165.798
  GS (printed)
       N       h         H1    rt     energy    rt       slip    rt        bdn    rt
      16  1.5052  6.137e+00   nan  2.132e+01   nan  2.230e+00   nan  7.581e+00   nan
      24  1.0559  4.480e+00  0.89  1.734e+01  0.58  1.623e+00  0.90  5.431e+00  0.94
      32  0.8127  3.515e+00  0.93  1.504e+01  0.54  1.273e+00  0.93  4.213e+00  0.97
      48  0.5560  2.450e+00  0.95  1.234e+01  0.52  8.873e-01  0.95  2.901e+00  0.98
      64  0.4224  1.879e+00  0.97  1.074e+01  0.51  6.806e-01  0.97  2.211e+00  0.99
      96  0.2853  1.281e+00  0.98  8.818e+00  0.50  4.640e-01  0.98  1.498e+00  0.99
     128  0.2153  9.710e-01  0.98  7.664e+00  0.50  3.519e-01  0.98  1.132e+00  0.99
     192  0.1445  6.545e-01  0.99  6.283e+00  0.50  2.373e-01  0.99  7.610e-01  1.00
  CNS (consistent)
       N       h         H1    rt     energy    rt       slip    rt        bdn    rt
      16  1.5052  1.288e-01   nan  3.172e-01   nan  2.227e-02   nan  1.842e-01   nan
      24  1.0559  4.422e-02  3.02  1.659e-01  1.83  1.060e-02  2.10  1.189e-01  1.24
      32  0.8127  2.342e-02  2.43  1.061e-01  1.71  6.124e-03  2.09  8.655e-02  1.21
      48  0.5560  1.108e-02  1.97  5.689e-02  1.64  2.784e-03  2.08  5.562e-02  1.17
      64  0.4224  6.834e-03  1.76  3.667e-02  1.60  1.581e-03  2.06  4.089e-02  1.12
      96  0.2853  3.540e-03  1.68  1.981e-02  1.57  7.087e-04  2.04  2.673e-02  1.08
     128  0.2153  2.239e-03  1.63  1.282e-02  1.55  4.002e-04  2.03  1.986e-02  1.06
     192  0.1445  1.185e-03  1.60  6.951e-03  1.53  1.785e-04  2.02  1.312e-02  1.04
  D = GS - CNS
       N       h         H1    rt     energy    rt       slip    rt        bdn    rt  H1*mu/hG slip*mu/hG en*(mu/h)^.5/G
      16  1.5052  6.148e+00   nan  2.136e+01   nan  2.229e+00   nan  7.653e+00   nan    2.4635     0.8933         1.0500
      24  1.0559  4.485e+00  0.89  1.735e+01  0.59  1.623e+00  0.90  5.467e+00  0.95    2.5621     0.9270         1.0185
      32  0.8127  3.518e+00  0.93  1.504e+01  0.55  1.272e+00  0.93  4.236e+00  0.97    2.6110     0.9444         1.0063
      48  0.5560  2.452e+00  0.95  1.234e+01  0.52  8.871e-01  0.95  2.913e+00  0.99    2.6596     0.9624         0.9982
      64  0.4224  1.880e+00  0.97  1.073e+01  0.51  6.804e-01  0.97  2.218e+00  0.99    2.6838     0.9716         0.9961
      96  0.2853  1.281e+00  0.98  8.817e+00  0.50  4.639e-01  0.98  1.502e+00  0.99    2.7080     0.9809         0.9956
     128  0.2153  9.712e-01  0.98  7.663e+00  0.50  3.519e-01  0.98  1.135e+00  1.00    2.7201     0.9856         0.9960
     192  0.1445  6.546e-01  0.99  6.283e+00  0.50  2.373e-01  0.99  7.626e-01  1.00    2.7323     0.9904         0.9969

=== test B100  mu=1000   G = 165.798
  GS (printed)
       N       h         H1    rt     energy    rt       slip    rt        bdn    rt
      16  1.5052  6.921e-01   nan  6.392e+00   nan  2.436e-01   nan  8.010e-01   nan
      24  1.0559  4.834e-01  1.01  5.370e+00  0.49  1.727e-01  0.97  5.850e-01  0.89
      32  0.8127  3.721e-01  1.00  4.716e+00  0.50  1.335e-01  0.98  4.596e-01  0.92
      48  0.5560  2.546e-01  1.00  3.904e+00  0.50  9.168e-02  0.99  3.210e-01  0.95
      64  0.4224  1.934e-01  1.00  3.404e+00  0.50  6.977e-02  0.99  2.463e-01  0.96
      96  0.2853  1.306e-01  1.00  2.798e+00  0.50  4.719e-02  1.00  1.680e-01  0.97
     128  0.2153  9.854e-02  1.00  2.432e+00  0.50  3.564e-02  1.00  1.274e-01  0.98
     192  0.1445  6.610e-02  1.00  1.992e+00  0.50  2.393e-02  1.00  8.590e-02  0.99
  CNS (consistent)
       N       h         H1    rt     energy    rt       slip    rt        bdn    rt
      16  1.5052  1.432e-01   nan  7.360e-01   nan  2.319e-02   nan  3.299e-01   nan
      24  1.0559  5.655e-02  2.62  4.052e-01  1.68  1.097e-02  2.11  2.112e-01  1.26
      32  0.8127  3.284e-02  2.08  2.620e-01  1.66  6.301e-03  2.12  1.517e-01  1.26
      48  0.5560  1.666e-02  1.79  1.412e-01  1.63  2.843e-03  2.10  9.594e-02  1.21
      64  0.4224  1.053e-02  1.67  9.113e-02  1.59  1.608e-03  2.08  7.012e-02  1.14
      96  0.2853  5.577e-03  1.62  4.928e-02  1.57  7.171e-04  2.06  4.568e-02  1.09
     128  0.2153  3.570e-03  1.59  3.190e-02  1.55  4.039e-04  2.04  3.392e-02  1.06
     192  0.1445  1.913e-03  1.56  1.731e-02  1.53  1.796e-04  2.03  2.241e-02  1.04
  D = GS - CNS
       N       h         H1    rt     energy    rt       slip    rt        bdn    rt  H1*mu/hG slip*mu/hG en*(mu/h)^.5/G
      16  1.5052  6.933e-01   nan  6.366e+00   nan  2.418e-01   nan  8.965e-01   nan    2.7781     0.9688         0.9896
      24  1.0559  4.880e-01  0.99  5.356e+00  0.49  1.721e-01  0.96  6.249e-01  1.02    2.7877     0.9828         0.9941
      32  0.8127  3.753e-01  1.00  4.708e+00  0.49  1.332e-01  0.98  4.785e-01  1.02    2.7856     0.9886         0.9960
      48  0.5560  2.562e-01  1.01  3.900e+00  0.50  9.158e-02  0.99  3.258e-01  1.01    2.7794     0.9935         0.9976
      64  0.4224  1.943e-01  1.01  3.402e+00  0.50  6.973e-02  0.99  2.471e-01  1.01    2.7750     0.9955         0.9983
      96  0.2853  1.310e-01  1.00  2.797e+00  0.50  4.717e-02  1.00  1.667e-01  1.00    2.7696     0.9973         0.9989
     128  0.2153  9.878e-02  1.00  2.431e+00  0.50  3.564e-02  1.00  1.258e-01  1.00    2.7666     0.9981         0.9992
     192  0.1445  6.620e-02  1.00  1.992e+00  0.50  2.393e-02  1.00  8.438e-02  1.00    2.7634     0.9988         0.9995

=== test B100  mu=10000   G = 165.798
  GS (printed)
       N       h         H1    rt     energy    rt       slip    rt        bdn    rt
      16  1.5052  1.692e-01   nan  2.816e+00   nan  3.390e-02   nan  4.219e-01   nan
      24  1.0559  7.912e-02  2.14  2.022e+00  0.94  2.058e-02  1.41  2.579e-01  1.39
      32  0.8127  5.177e-02  1.62  1.655e+00  0.77  1.484e-02  1.25  1.814e-01  1.34
      48  0.5560  3.099e-02  1.35  1.295e+00  0.65  9.633e-03  1.14  1.135e-01  1.24
      64  0.4224  2.221e-02  1.21  1.106e+00  0.57  7.179e-03  1.07  8.295e-02  1.14
      96  0.2853  1.423e-02  1.14  8.958e-01  0.54  4.782e-03  1.04  5.424e-02  1.08
     128  0.2153  1.048e-02  1.09  7.744e-01  0.52  3.592e-03  1.02  4.039e-02  1.05
     192  0.1445  6.874e-03  1.06  6.320e-01  0.51  2.402e-03  1.01  2.677e-02  1.03
  CNS (consistent)
       N       h         H1    rt     energy    rt       slip    rt        bdn    rt
      16  1.5052  1.633e-01   nan  1.995e+00   nan  2.334e-02   nan  4.725e-01   nan
      24  1.0559  6.917e-02  2.42  1.114e+00  1.64  1.104e-02  2.11  2.803e-01  1.47
      32  0.8127  4.078e-02  2.02  7.260e-01  1.63  6.345e-03  2.11  1.924e-01  1.44
      48  0.5560  2.052e-02  1.81  3.944e-01  1.61  2.865e-03  2.09  1.163e-01  1.33
      64  0.4224  1.285e-02  1.70  2.555e-01  1.58  1.621e-03  2.07  8.335e-02  1.21
      96  0.2853  6.733e-03  1.65  1.385e-01  1.56  7.232e-04  2.06  5.341e-02  1.13
     128  0.2153  4.288e-03  1.60  8.977e-02  1.54  4.074e-04  2.04  3.938e-02  1.08
     192  0.1445  2.287e-03  1.58  4.873e-02  1.53  1.812e-04  2.03  2.585e-02  1.05
  D = GS - CNS
       N       h         H1    rt     energy    rt       slip    rt        bdn    rt  H1*mu/hG slip*mu/hG en*(mu/h)^.5/G
      16  1.5052  7.598e-02   nan  1.992e+00   nan  2.436e-02   nan  1.116e-01   nan    3.0445     0.9762         0.9792
      24  1.0559  5.123e-02  1.11  1.686e+00  0.47  1.730e-02  0.96  7.106e-02  1.27    2.9262     0.9884         0.9898
      32  0.8127  3.870e-02  1.07  1.485e+00  0.48  1.338e-02  0.98  5.234e-02  1.17    2.8724     0.9931         0.9939
      48  0.5560  2.606e-02  1.04  1.233e+00  0.49  9.187e-03  0.99  3.471e-02  1.08    2.8269     0.9966         0.9970
      64  0.4224  1.966e-02  1.03  1.076e+00  0.50  6.989e-03  1.00  2.611e-02  1.04    2.8072     0.9979         0.9982
      96  0.2853  1.319e-02  1.02  8.848e-01  0.50  4.725e-03  1.00  1.750e-02  1.02    2.7893     0.9989         0.9991
     128  0.2153  9.929e-03  1.01  7.690e-01  0.50  3.568e-03  1.00  1.317e-02  1.01    2.7809     0.9993         0.9994
     192  0.1445  6.642e-03  1.01  6.300e-01  0.50  2.395e-03  1.00  8.816e-03  1.01    2.7726     0.9996         0.9997

=== Coercivity threshold mu* on Z_h (sign of pivots of A_mu + r B^T M^-1 B)
  fixed rho, refinement (L = 2.5, layers = N/4):
    N=  8 ntri=    32 rho=  3.410 mu*=   50.2798 gamma*=mu*/rho= 14.7438
    N= 12 ntri=    72 rho=  3.021 mu*=   51.7994 gamma*=mu*/rho= 17.1491
    N= 16 ntri=   128 rho=  3.276 mu*=   59.2710 gamma*=mu*/rho= 18.0942
    N= 20 ntri=   200 rho=  3.165 mu*=   60.3427 gamma*=mu*/rho= 19.0665
    N= 24 ntri=   288 rho=  3.296 mu*=   63.2905 gamma*=mu*/rho= 19.2024
    N= 32 ntri=   512 rho=  3.326 mu*=   66.0217 gamma*=mu*/rho= 19.8529
    N= 48 ntri=  1152 rho=  3.370 mu*=   69.1315 gamma*=mu*/rho= 20.5113
    N= 64 ntri=  2048 rho=  3.399 mu*=   70.7222 gamma*=mu*/rho= 20.8061
  rho sweep at N=16 (enlarged outer square, inner layers kept shape-similar):
    L=  2.5 layers=   4 rho=   3.276 mu*=    59.2710 gamma*= 18.0942
    L=  5.0 layers=  11 rho=   5.903 mu*=   112.0982 gamma*= 18.9904
    L= 10.0 layers=  24 rho=  11.324 mu*=   208.0249 gamma*= 18.3699
    L= 20.0 layers=  51 rho=  22.185 mu*=   411.4589 gamma*= 18.5466
    L= 40.0 layers= 104 rho=  43.942 mu*=   809.2754 gamma*= 18.4170
  rho sweep at N=32 (enlarged outer square, inner layers kept shape-similar):
    L=  2.5 layers=   8 rho=   3.326 mu*=    66.0217 gamma*= 19.8529
    L=  5.0 layers=  21 rho=   5.787 mu*=   113.9046 gamma*= 19.6820
    L= 10.0 layers=  48 rho=  10.847 mu*=   217.9572 gamma*= 20.0934
    L= 20.0 layers= 101 rho=  21.059 mu*=   422.1857 gamma*= 20.0479
    L= 40.0 layers= 208 rho=  41.508 mu*=   835.7148 gamma*= 20.1340
