
== A mu=100 GS
   N       hG          L2   rate          H1   rate  L2*mu/(h)   L2/hG^2
  16   0.4595  4.7288e-02         1.7168e-01            3.1416    0.2240
  24   0.3204  2.1941e-02   2.13  8.8748e-02   1.83     2.0779    0.2138
  32   0.2444  1.2584e-02   2.05  5.5483e-02   1.73     1.5485    0.2107
  48   0.1650  5.6930e-03   2.02  2.8759e-02   1.67     1.0240    0.2092
  64   0.1243  3.2286e-03   2.00  1.8148e-02   1.63     0.7643    0.2091
  96   0.0831  1.4460e-03   2.00  9.5691e-03   1.59     0.5069    0.2093
 128   0.0624  8.1633e-04   2.00  6.1106e-03   1.57     0.3791    0.2096
 192   0.0416  3.6408e-04   2.00  3.2679e-03   1.55     0.2520    0.2100
 256   0.0312  2.0514e-04   2.00  2.1033e-03   1.53     0.1887    0.2102

== A mu=100 CNS*
   N       hG          L2   rate          H1   rate  L2*mu/(h)   L2/hG^2
  16   0.4595  4.5813e-02         1.9802e-01            3.0436    0.2170
  24   0.3204  2.1496e-02   2.10  1.0277e-01   1.82     2.0358    0.2094
  32   0.2444  1.2400e-02   2.03  6.4135e-02   1.74     1.5259    0.2077
  48   0.1650  5.6437e-03   2.00  3.3107e-02   1.68     1.0151    0.2074
  64   0.1243  3.2102e-03   1.99  2.0824e-02   1.64     0.7600    0.2079
  96   0.0831  1.4420e-03   1.99  1.0932e-02   1.60     0.5055    0.2087
 128   0.0624  8.1530e-04   1.99  6.9617e-03   1.57     0.3786    0.2093
 192   0.0416  3.6417e-04   1.99  3.7113e-03   1.55     0.2520    0.2100
 256   0.0312  2.0534e-04   1.99  2.3845e-03   1.54     0.1889    0.2104

== A mu=1000 GS
   N       hG          L2   rate          H1   rate  L2*mu/(h)   L2/hG^2
  16   0.4595  3.9114e-02         2.7552e-01           25.9856    0.1852
  24   0.3204  1.9613e-02   1.91  1.4611e-01   1.76    18.5741    0.1911
  32   0.2444  1.1658e-02   1.92  9.2743e-02   1.68    14.3460    0.1952
  48   0.1650  5.4430e-03   1.94  4.8905e-02   1.63     9.7898    0.2000
  64   0.1243  3.1291e-03   1.95  3.1154e-02   1.59     7.4075    0.2026
  96   0.0831  1.4184e-03   1.97  1.6593e-02   1.57     4.9717    0.2053
 128   0.0624  8.0506e-04   1.98  1.0652e-02   1.55     3.7384    0.2067
 192   0.0416  3.6086e-04   1.98  5.7275e-03   1.53     2.4974    0.2081

== A mu=1000 CNS*
   N       hG          L2   rate          H1   rate  L2*mu/(h)   L2/hG^2
  16   0.4595  3.8303e-02         2.9600e-01           25.4474    0.1814
  24   0.3204  1.9322e-02   1.90  1.5713e-01   1.76    18.2986    0.1883
  32   0.2444  1.1532e-02   1.91  9.9731e-02   1.68    14.1902    0.1931
  48   0.1650  5.4062e-03   1.93  5.2521e-02   1.63     9.7236    0.1987
  64   0.1243  3.1140e-03   1.95  3.3416e-02   1.60     7.3717    0.2016
  96   0.0831  1.4141e-03   1.96  1.7769e-02   1.57     4.9568    0.2047
 128   0.0624  8.0332e-04   1.97  1.1397e-02   1.55     3.7303    0.2063
 192   0.0416  3.6037e-04   1.98  6.1225e-03   1.54     2.4940    0.2078

== A mu=10000 GS
   N       hG          L2   rate          H1   rate  L2*mu/(h)   L2/hG^2
  16   0.4595  3.1358e-02         3.9111e-01          208.3311    0.1485
  24   0.3204  1.7483e-02   1.62  2.0153e-01   1.84   165.5732    0.1703
  32   0.2444  1.0860e-02   1.76  1.2531e-01   1.75   133.6420    0.1819
  48   0.1650  5.2444e-03   1.85  6.4527e-02   1.69    94.3258    0.1927
  64   0.1243  3.0538e-03   1.91  4.0590e-02   1.64    72.2915    0.1977
  96   0.0831  1.3985e-03   1.94  2.1348e-02   1.60    49.0213    0.2024
 128   0.0624  7.9718e-04   1.96  1.3620e-02   1.57    37.0183    0.2047
 192   0.0416  3.5866e-04   1.97  7.2807e-03   1.55    24.8221    0.2069

== A mu=10000 CNS*
   N       hG          L2   rate          H1   rate  L2*mu/(h)   L2/hG^2
  16   0.4595  3.1084e-02         3.9666e-01          206.5096    0.1472
  24   0.3204  1.7396e-02   1.61  2.0431e-01   1.84   164.7532    0.1695
  32   0.2444  1.0828e-02   1.75  1.2689e-01   1.76   133.2389    0.1813
  48   0.1650  5.2364e-03   1.85  6.5224e-02   1.69    94.1823    0.1924
  64   0.1243  3.0508e-03   1.91  4.0987e-02   1.64    72.2213    0.1975
  96   0.0831  1.3977e-03   1.94  2.1535e-02   1.60    48.9945    0.2023
 128   0.0624  7.9688e-04   1.96  1.3733e-02   1.57    37.0044    0.2046
 192   0.0416  3.5858e-04   1.97  7.3374e-03   1.55    24.8164    0.2068

== B1 mu=100 GS
   N       hG          L2   rate          H1   rate  L2*mu/(h)   L2/hG^2
  16   0.4595  2.9355e-02         1.3423e-01            1.9503    0.1390
  24   0.3204  2.0189e-02   1.04  5.5919e-02   2.43     1.9120    0.1967
  32   0.2444  1.5790e-02   0.91  3.7509e-02   1.47     1.9430    0.2644
  48   0.1650  1.1053e-02   0.91  2.4609e-02   1.07     1.9881    0.4062
  64   0.1243  8.5114e-03   0.92  1.8686e-02   0.97     2.0149    0.5511
  96   0.0831  5.8325e-03   0.94  1.2701e-02   0.96     2.0445    0.8443
 128   0.0624  4.4368e-03   0.95  9.6360e-03   0.96     2.0603    1.1391
 192   0.0416  3.0008e-03   0.97  6.5052e-03   0.97     2.0768    1.7307
 256   0.0312  2.2671e-03   0.98  4.9114e-03   0.98     2.0852    2.3232

== B1 mu=100 CNS*
   N       hG          L2   rate          H1   rate  L2*mu/(h)   L2/hG^2
  16   0.4595  1.3190e-02         1.2882e-01            0.8763    0.0625
  24   0.3204  5.1423e-03   2.61  4.4224e-02   2.96     0.4870    0.0501
  32   0.2444  2.9511e-03   2.05  2.3424e-02   2.35     0.3631    0.0494
  48   0.1650  1.3679e-03   1.96  1.1081e-02   1.90     0.2460    0.0503
  64   0.1243  7.8745e-04   1.95  6.8337e-03   1.71     0.1864    0.0510
  96   0.0831  3.5810e-04   1.96  3.5400e-03   1.64     0.1255    0.0518
 128   0.0624  2.0371e-04   1.97  2.2393e-03   1.60     0.0946    0.0523
 192   0.0416  9.1555e-05   1.98  1.1845e-03   1.57     0.0634    0.0528
 256   0.0312  5.1786e-05   1.98  7.5762e-04   1.56     0.0476    0.0531

== B1 mu=1000 GS
   N       hG          L2   rate          H1   rate  L2*mu/(h)   L2/hG^2
  16   0.4595  1.1781e-02         1.3933e-01            7.8269    0.0558
  24   0.3204  4.4807e-03   2.68  5.3430e-02   2.66     4.2434    0.0437
  32   0.2444  2.6988e-03   1.87  3.0598e-02   2.06     3.3210    0.0452
  48   0.1650  1.4366e-03   1.60  1.5459e-02   1.74     2.5838    0.0528
  64   0.1243  9.6893e-04   1.39  9.8051e-03   1.61     2.2937    0.0627
  96   0.0831  5.9799e-04   1.20  5.2484e-03   1.55     2.0961    0.0866
 128   0.0624  4.4024e-04   1.07  3.3978e-03   1.52     2.0443    0.1130
 192   0.0416  2.9318e-04   1.00  1.8628e-03   1.49     2.0290    0.1691

== B1 mu=1000 CNS*
   N       hG          L2   rate          H1   rate  L2*mu/(h)   L2/hG^2
  16   0.4595  1.1884e-02         1.4318e-01            7.8950    0.0563
  24   0.3204  4.4705e-03   2.71  5.6549e-02   2.58     4.2338    0.0436
  32   0.2444  2.5830e-03   2.03  3.2843e-02   2.01     3.1785    0.0433
  48   0.1650  1.2066e-03   1.94  1.6661e-02   1.73     2.1702    0.0443
  64   0.1243  6.9547e-04   1.95  1.0530e-02   1.62     1.6464    0.0450
  96   0.0831  3.1597e-04   1.96  5.5770e-03   1.58     1.1076    0.0457
 128   0.0624  1.7950e-04   1.97  3.5697e-03   1.56     0.8335    0.0461
 192   0.0416  8.0511e-05   1.98  1.9130e-03   1.54     0.5572    0.0464

== B1 mu=10000 GS
   N       hG          L2   rate          H1   rate  L2*mu/(h)   L2/hG^2
  16   0.4595  1.1048e-02         1.6205e-01           73.3993    0.0523
  24   0.3204  4.0722e-03   2.77  6.8374e-02   2.39    38.5658    0.0397
  32   0.2444  2.4011e-03   1.95  4.0276e-02   1.95    29.5464    0.0402
  48   0.1650  1.1431e-03   1.89  2.0283e-02   1.75    20.5596    0.0420
  64   0.1243  6.6209e-04   1.93  1.2707e-02   1.65    15.6736    0.0429
  96   0.0831  3.0097e-04   1.96  6.6655e-03   1.60    10.5498    0.0436
 128   0.0624  1.7096e-04   1.97  4.2466e-03   1.57     7.9389    0.0439
 192   0.0416  7.7357e-05   1.96  2.2661e-03   1.55     5.3537    0.0446

== B1 mu=10000 CNS*
   N       hG          L2   rate          H1   rate  L2*mu/(h)   L2/hG^2
  16   0.4595  1.1066e-02         1.6325e-01           73.5208    0.0524
  24   0.3204  4.1069e-03   2.75  6.9169e-02   2.38    38.8945    0.0400
  32   0.2444  2.4345e-03   1.93  4.0776e-02   1.95    29.9571    0.0408
  48   0.1650  1.1676e-03   1.87  2.0521e-02   1.75    21.0002    0.0429
  64   0.1243  6.8013e-04   1.91  1.2847e-02   1.65    16.1006    0.0440
  96   0.0831  3.1162e-04   1.94  6.7333e-03   1.61    10.9233    0.0451
 128   0.0624  1.7765e-04   1.96  4.2879e-03   1.57     8.2494    0.0456
 192   0.0416  7.9921e-05   1.97  2.2869e-03   1.55     5.5311    0.0461

== B100 mu=100 GS
   N       hG          L2   rate          H1   rate  L2*mu/(h)   L2/hG^2
  16   0.4595  2.8121e+00         6.1370e+00          186.8235   13.3182
  24   0.3204  2.0566e+00   0.87  4.4801e+00   0.87   194.7725   20.0386
  32   0.2444  1.6156e+00   0.89  3.5149e+00   0.90   198.8055   27.0551
  48   0.1650  1.1280e+00   0.91  2.4503e+00   0.92   202.8783   41.4511
  64   0.1243  8.6568e-01   0.93  1.8789e+00   0.94   204.9312   56.0519
  96   0.0831  5.9052e-01   0.95  1.2805e+00   0.95   206.9961   85.4780
 128   0.0624  4.4799e-01   0.96  9.7102e-01   0.97   208.0333  115.0226
 192   0.0416  3.0210e-01   0.97  6.5448e-01   0.97   209.0740  174.2355

== B100 mu=100 CNS*
   N       hG          L2   rate          H1   rate  L2*mu/(h)   L2/hG^2
  16   0.4595  1.3190e-02         1.2882e-01            0.8763    0.0625
  24   0.3204  5.1423e-03   2.61  4.4224e-02   2.96     0.4870    0.0501
  32   0.2444  2.9511e-03   2.05  2.3424e-02   2.35     0.3631    0.0494
  48   0.1650  1.3679e-03   1.96  1.1081e-02   1.90     0.2460    0.0503
  64   0.1243  7.8745e-04   1.95  6.8337e-03   1.71     0.1864    0.0510
  96   0.0831  3.5810e-04   1.96  3.5400e-03   1.64     0.1255    0.0518
 128   0.0624  2.0371e-04   1.97  2.2393e-03   1.60     0.0946    0.0523
 192   0.0416  9.1555e-05   1.98  1.1845e-03   1.57     0.0634    0.0528

== B100 mu=1000 GS
   N       hG          L2   rate          H1   rate  L2*mu/(h)   L2/hG^2
  16   0.4595  3.0560e-01         6.9215e-01          203.0321    1.4474
  24   0.3204  2.1796e-01   0.94  4.8336e-01   1.00   206.4147    2.1236
  32   0.2444  1.6896e-01   0.94  3.7211e-01   0.97   207.9116    2.8294
  48   0.1650  1.1632e-01   0.95  2.5463e-01   0.97   209.2212    4.2747
  64   0.1243  8.8623e-02   0.96  1.9343e-01   0.97   209.7964    5.7383
  96   0.0831  5.9999e-02   0.97  1.3058e-01   0.98   210.3143    8.6848
 128   0.0624  4.5342e-02   0.98  9.8542e-02   0.98   210.5507   11.6414
 192   0.0416  3.0455e-02   0.98  6.6097e-02   0.99   210.7717   17.5650

== B100 mu=1000 CNS*
   N       hG          L2   rate          H1   rate  L2*mu/(h)   L2/hG^2
  16   0.4595  1.1884e-02         1.4318e-01            7.8950    0.0563
  24   0.3204  4.4705e-03   2.71  5.6549e-02   2.58     4.2338    0.0436
  32   0.2444  2.5830e-03   2.03  3.2843e-02   2.01     3.1785    0.0433
  48   0.1650  1.2066e-03   1.94  1.6661e-02   1.73     2.1702    0.0443
  64   0.1243  6.9547e-04   1.95  1.0530e-02   1.62     1.6464    0.0450
  96   0.0831  3.1597e-04   1.96  5.5770e-03   1.58     1.1076    0.0457
 128   0.0624  1.7950e-04   1.97  3.5697e-03   1.56     0.8335    0.0461
 192   0.0416  8.0511e-05   1.98  1.9130e-03   1.54     0.5572    0.0464

== B100 mu=10000 GS
   N       hG          L2   rate          H1   rate  L2*mu/(h)   L2/hG^2
  16   0.4595  3.1640e-02         1.6922e-01          210.2041    0.1498
  24   0.3204  2.1464e-02   1.08  7.9120e-02   2.11   203.2711    0.2091
  32   0.2444  1.6588e-02   0.95  5.1771e-02   1.57   204.1204    0.2778
  48   0.1650  1.1447e-02   0.94  3.0992e-02   1.31   205.8884    0.4207
  64   0.1243  8.7446e-03   0.95  2.2213e-02   1.18   207.0099    0.5662
  96   0.0831  5.9416e-03   0.96  1.4226e-02   1.11   208.2718    0.8600
 128   0.0624  4.4997e-03   0.97  1.0480e-02   1.07   208.9519    1.1553
 192   0.0416  3.0295e-03   0.98  6.8738e-03   1.04   209.6623    1.7473

== B100 mu=10000 CNS*
   N       hG          L2   rate          H1   rate  L2*mu/(h)   L2/hG^2
  16   0.4595  1.1066e-02         1.6325e-01           73.5208    0.0524
  24   0.3204  4.1069e-03   2.75  6.9169e-02   2.38    38.8945    0.0400
  32   0.2444  2.4345e-03   1.93  4.0776e-02   1.95    29.9571    0.0408
  48   0.1650  1.1676e-03   1.87  2.0521e-02   1.75    21.0002    0.0429
  64   0.1243  6.8013e-04   1.91  1.2847e-02   1.65    16.1006    0.0440
  96   0.0831  3.1162e-04   1.94  6.7333e-03   1.61    10.9233    0.0451
 128   0.0624  1.7765e-04   1.96  4.2879e-03   1.57     8.2494    0.0456
 192   0.0416  7.9921e-05   1.97  2.2869e-03   1.55     5.5311    0.0461

== C mu=100 GS
   N       hG          L2   rate          H1   rate  L2*mu/(h)   L2/hG^2
  16   0.4595  1.9987e-02         1.3057e-01            1.3278    0.0947
  24   0.3204  1.2211e-02   1.37  4.8360e-02   2.75     1.1564    0.1190
  32   0.2444  9.2226e-03   1.04  2.8838e-02   1.91     1.1349    0.1544
  48   0.1650  6.2733e-03   0.98  1.6761e-02   1.38     1.1283    0.2305
  64   0.1243  4.7705e-03   0.97  1.2037e-02   1.17     1.1293    0.3089
  96   0.0831  3.2325e-03   0.97  7.7579e-03   1.09     1.1331    0.4679

== C mu=100 CNS*
   N       hG          L2   rate          H1   rate  L2*mu/(h)   L2/hG^2
  16   0.4595  1.3190e-02         1.2882e-01            0.8763    0.0625
  24   0.3204  5.1423e-03   2.61  4.4224e-02   2.96     0.4870    0.0501
  32   0.2444  2.9511e-03   2.05  2.3424e-02   2.35     0.3631    0.0494
  48   0.1650  1.3679e-03   1.96  1.1081e-02   1.90     0.2460    0.0503
  64   0.1243  7.8745e-04   1.95  6.8337e-03   1.71     0.1864    0.0510
  96   0.0831  3.5810e-04   1.96  3.5400e-03   1.64     0.1255    0.0518

== P1 mu=100 GS
   N       hG          L2   rate          H1   rate  L2*mu/(h)   L2/hG^2
  16   0.4595  2.8137e-02         6.1495e-02            1.8693    0.1333
  24   0.3204  2.0576e-02   0.87  4.4867e-02   0.87     1.9486    0.2005
  32   0.2444  1.6162e-02   0.89  3.5189e-02   0.90     1.9888    0.2706
  48   0.1650  1.1283e-02   0.91  2.4521e-02   0.92     2.0293    0.4146
  64   0.1243  8.6585e-03   0.93  1.8800e-02   0.94     2.0497    0.5606
  96   0.0831  5.9060e-03   0.95  1.2810e-02   0.95     2.0702    0.8549

== P1 mu=100 CNS*
   N       hG          L2   rate          H1   rate  L2*mu/(h)   L2/hG^2
  16   0.4595  5.7884e-15         2.6719e-14            0.0000    0.0000
  24   0.3204  7.6701e-15  -0.78  3.1848e-14  -0.49     0.0000    0.0000
  32   0.2444  9.9915e-15  -0.98  3.8911e-14  -0.74     0.0000    0.0000
  48   0.1650  1.3932e-14  -0.85  5.1466e-14  -0.71     0.0000    0.0000
  64   0.1243  1.8344e-14  -0.97  6.5848e-14  -0.87     0.0000    0.0000
  96   0.0831  2.6865e-14  -0.95  9.4056e-14  -0.89     0.0000    0.0000

== P1 mu=1000 GS
   N       hG          L2   rate          H1   rate  L2*mu/(h)   L2/hG^2
  16   0.4595  3.0733e-03         6.9487e-03            2.0418    0.0146
  24   0.3204  2.1901e-03   0.94  4.8867e-03   0.98     2.0741    0.0213
  32   0.2444  1.6961e-03   0.94  3.7564e-03   0.97     2.0872    0.0284
  48   0.1650  1.1664e-03   0.95  2.5634e-03   0.97     2.0979    0.0429
  64   0.1243  8.8808e-04   0.96  1.9441e-03   0.98     2.1023    0.0575
  96   0.0831  6.0084e-04   0.97  1.3103e-03   0.98     2.1061    0.0870

== P1 mu=1000 CNS*
   N       hG          L2   rate          H1   rate  L2*mu/(h)   L2/hG^2
  16   0.4595  5.8388e-15         2.6724e-14            0.0000    0.0000
  24   0.3204  7.7255e-15  -0.78  3.1963e-14  -0.50     0.0000    0.0000
  32   0.2444  9.9912e-15  -0.95  3.8856e-14  -0.72     0.0000    0.0000
  48   0.1650  1.3994e-14  -0.86  5.1611e-14  -0.72     0.0000    0.0000
  64   0.1243  1.8412e-14  -0.97  6.6009e-14  -0.87     0.0000    0.0000
  96   0.0831  2.6900e-14  -0.94  9.4078e-14  -0.88     0.0000    0.0000

== P1 mu=10000 GS
   N       hG          L2   rate          H1   rate  L2*mu/(h)   L2/hG^2
  16   0.4595  3.1189e-04         7.6271e-04            2.0721    0.0015
  24   0.3204  2.2080e-04   0.96  5.1311e-04   1.10     2.0911    0.0022
  32   0.2444  1.7059e-04   0.95  3.8738e-04   1.04     2.0992    0.0029
  48   0.1650  1.1707e-04   0.96  2.6071e-04   1.01     2.1056    0.0043
  64   0.1243  8.9048e-05   0.97  1.9668e-04   1.00     2.1080    0.0058
  96   0.0831  6.0191e-05   0.97  1.3196e-04   0.99     2.1099    0.0087

== P1 mu=10000 CNS*
   N       hG          L2   rate          H1   rate  L2*mu/(h)   L2/hG^2
  16   0.4595  5.7900e-15         2.6573e-14            0.0000    0.0000
  24   0.3204  7.7400e-15  -0.80  3.1916e-14  -0.51     0.0000    0.0000
  32   0.2444  1.0037e-14  -0.96  3.9001e-14  -0.74     0.0000    0.0000
  48   0.1650  1.3992e-14  -0.85  5.1640e-14  -0.71     0.0000    0.0000
  64   0.1243  1.8370e-14  -0.96  6.5872e-14  -0.86     0.0000    0.0000
  96   0.0831  2.6947e-14  -0.95  9.4248e-14  -0.89     0.0000    0.0000
